#Index 	 Time Leapse(s) 	 Time Spent(s) 	 Current Dequeue 	 Image Processed 	 Throughput By Image 	 Memmory Usage(kB)
0	1.169	1.101	8	8	7.269	101516.000
1	2.309	1.135	29	21	18.502	102520.000
2	3.345	1.016	43	14	13.777	102520.000
3	4.437	1.084	67	24	22.144	111648.000
4	5.457	1.014	91	24	23.661	111648.000
5	6.715	1.250	107	16	12.795	111648.000
6	7.749	1.029	119	12	11.657	111648.000
7	8.761	1.008	135	16	15.877	111648.000
8	9.778	1.012	154	19	18.775	111648.000
9	10.856	1.072	176	22	20.514	111648.000
10	11.883	1.020	199	23	22.543	111648.000
11	12.895	1.009	212	13	12.886	111648.000
12	13.991	1.092	235	23	21.066	111648.000
13	15.420	1.423	244	9	6.323	111648.000
14	16.436	1.010	268	24	23.767	111648.000
15	17.511	1.069	287	19	17.769	111648.000
16	18.539	1.017	300	13	12.777	111648.000
17	19.623	1.079	316	16	14.829	111648.000
18	20.701	1.073	337	21	19.569	111648.000
19	21.723	1.016	357	20	19.688	111648.000
20	22.815	1.084	376	19	17.530	111648.000
21	23.913	1.091	398	22	20.160	111648.000
22	24.936	1.019	415	17	16.688	111648.000
23	26.088	1.143	428	13	11.377	111648.000
24	27.245	1.152	444	16	13.890	111648.000
25	28.408	1.157	465	21	18.151	111648.000
26	29.430	1.004	483	18	17.927	111648.000
27	30.487	1.053	499	16	15.191	111648.000
28	31.541	1.049	514	15	14.304	111648.000
29	32.590	1.044	538	24	22.979	111648.000
30	33.773	1.178	561	23	19.518	111648.000
31	34.798	1.020	583	22	21.575	111648.000
32	35.817	1.014	607	24	23.662	111648.000
33	36.852	1.031	622	15	14.552	111648.000
34	37.934	1.077	633	11	10.215	111648.000
35	38.954	1.013	655	22	21.720	111648.000
36	39.967	1.008	671	16	15.874	111648.000
37	41.061	1.088	685	14	12.864	111648.000
38	42.203	1.134	697	12	10.582	111648.000
39	43.474	1.259	716	19	15.089	111648.000
40	44.615	1.136	732	16	14.089	111648.000
41	45.631	1.006	750	18	17.887	111648.000
42	46.697	1.062	766	16	15.068	111648.000
43	48.364	1.661	776	10	6.019	111648.000
44	49.399	1.028	789	13	12.647	111648.000
45	50.555	1.148	806	17	14.803	111648.000
46	51.571	1.010	824	18	17.820	111648.000
47	52.603	1.025	837	13	12.684	111648.000
48	53.802	1.180	854	17	14.407	111648.000
49	55.200	1.392	874	20	14.371	111648.000
50	56.209	1.003	886	12	11.962	111648.000
51	57.334	1.120	902	16	14.288	111648.000
52	58.421	1.078	919	17	15.776	111648.000
53	59.497	1.071	939	20	18.678	111648.000
54	60.561	1.042	957	18	17.267	111648.000
55	61.698	1.128	970	13	11.530	111648.000
56	62.822	1.113	989	19	17.065	111648.000
57	63.873	1.043	1003	14	13.426	111648.000
58	64.980	1.098	1019	16	14.576	111648.000
59	66.032	1.048	1025	6	5.726	111648.000
60	67.042	1.006	1046	21	20.882	111648.000
61	68.237	1.191	1069	23	19.312	111648.000
62	69.251	1.008	1078	9	8.929	111648.000
63	70.327	1.069	1092	14	13.092	111648.000
64	71.377	1.040	1112	20	19.227	111648.000
65	72.581	1.199	1124	12	10.010	111648.000
66	73.658	1.072	1139	15	13.999	111648.000
67	74.757	1.091	1149	10	9.166	111648.000
68	75.813	1.049	1170	21	20.028	111648.000
69	76.820	1.001	1184	14	13.981	111648.000
70	77.872	1.047	1200	16	15.285	111648.000
71	78.915	1.037	1215	15	14.462	111648.000
72	79.944	1.025	1235	20	19.518	111648.000
73	80.984	1.035	1245	10	9.657	111648.000
74	82.034	1.043	1268	23	22.041	111648.000
75	83.063	1.022	1281	13	12.722	111648.000
76	84.591	1.523	1299	18	11.817	111648.000
77	85.623	1.025	1323	24	23.416	111648.000
78	86.632	1.004	1332	9	8.962	111648.000
79	87.676	1.035	1354	22	21.263	111648.000
80	88.751	1.071	1375	21	19.616	111648.000
81	89.763	1.005	1389	14	13.924	111648.000
82	91.366	1.596	1408	19	11.907	111648.000
83	92.547	1.174	1431	23	19.587	111648.000
84	93.567	1.013	1449	18	17.769	111648.000
85	94.596	1.025	1474	25	24.399	111648.000
86	95.602	1.001	1494	20	19.977	111648.000
87	96.607	1.000	1516	22	21.999	111648.000
88	97.702	1.090	1537	21	19.267	111648.000
89	98.807	1.100	1545	8	7.274	111648.000
90	100.163	1.345	1568	23	17.098	111648.000
91	101.235	1.063	1581	13	12.235	111648.000
92	102.423	1.182	1592	11	9.306	111648.000
93	103.714	1.286	1604	12	9.331	111648.000
94	104.724	1.003	1615	11	10.967	111648.000
95	105.765	1.036	1629	14	13.513	111648.000
96	106.845	1.074	1646	17	15.825	111648.000
97	108.299	1.450	1663	17	11.727	111648.000
98	109.306	1.001	1683	20	19.988	111648.000
99	110.343	1.033	1707	24	23.230	111648.000
100	111.609	1.260	1726	19	15.079	111648.000
101	112.688	1.069	1749	23	21.521	111648.000
102	113.788	1.095	1774	25	22.826	111648.000
103	114.802	1.006	1788	14	13.918	111648.000
104	115.837	1.030	1797	9	8.739	111648.000
105	117.638	1.796	1802	5	2.783	111648.000
106	118.817	1.172	1821	19	16.209	111648.000
107	119.831	1.003	1842	21	20.932	111648.000
108	121.164	1.327	1855	13	9.794	111648.000
109	122.251	1.082	1872	17	15.707	111648.000
110	123.361	1.104	1893	21	19.026	111648.000
111	124.511	1.141	1911	18	15.778	111648.000
112	125.561	1.043	1925	14	13.425	111648.000
113	126.649	1.066	1942	17	15.944	111648.000
114	127.911	1.253	1951	9	7.185	111648.000
115	129.301	1.385	1961	10	7.218	111648.000
116	130.315	1.008	1979	18	17.850	111648.000
117	131.365	1.042	1994	15	14.391	111648.000
118	132.418	1.049	2010	16	15.254	111648.000
119	133.433	1.010	2022	12	11.885	111648.000
120	134.667	1.229	2032	10	8.139	111648.000
121	135.795	1.123	2045	13	11.577	111648.000
122	136.811	1.007	2062	17	16.878	111648.000
123	137.987	1.171	2077	15	12.807	111648.000
124	139.172	1.177	2088	11	9.348	111648.000
125	140.210	1.033	2105	17	16.455	111648.000
126	141.939	1.722	2125	20	11.617	111648.000
127	143.137	1.192	2142	17	14.262	111648.000
128	144.216	1.073	2149	7	6.522	111648.000
129	145.274	1.053	2165	16	15.188	111648.000
130	146.402	1.118	2181	16	14.313	111648.000
131	147.439	1.032	2191	10	9.689	111648.000
132	148.607	1.161	2210	19	16.365	111648.000
133	149.756	1.144	2229	19	16.608	111648.000
134	151.024	1.263	2248	19	15.044	111648.000
135	152.074	1.045	2276	28	26.788	111648.000
136	153.102	1.019	2290	14	13.744	111648.000
137	154.109	1.001	2308	18	17.979	111648.000
138	155.153	1.040	2324	16	15.386	111648.000
139	156.607	1.449	2337	13	8.973	111648.000
140	157.668	1.054	2355	18	17.081	111648.000
141	158.889	1.210	2370	15	12.397	111648.000
142	160.098	1.200	2384	14	11.668	111648.000
143	161.122	1.018	2402	18	17.676	111648.000
144	162.368	1.240	2428	26	20.960	111648.000
145	163.402	1.028	2451	23	22.373	111648.000
146	164.423	1.017	2483	32	31.478	111648.000
147	165.450	1.020	2504	21	20.580	111648.000
148	166.474	1.020	2515	11	10.788	111648.000
149	167.517	1.038	2529	14	13.488	111648.000
150	168.750	1.227	2544	15	12.223	111648.000
151	169.808	1.051	2568	24	22.833	111648.000
152	170.891	1.079	2598	30	27.815	111648.000
153	171.913	1.016	2624	26	25.581	111648.000
154	172.919	1.001	2642	18	17.974	111648.000
155	174.009	1.085	2665	23	21.207	111648.000
156	175.151	1.133	2685	20	17.655	111648.000
157	176.245	1.089	2719	34	31.234	111648.000
158	177.253	1.004	2734	15	14.945	111648.000
159	178.278	1.016	2764	30	29.523	111648.000
160	179.295	1.012	2775	11	10.873	111648.000
161	180.378	1.079	2793	18	16.683	111648.000
162	181.466	1.083	2817	24	22.169	111648.000
163	182.572	1.101	2827	10	9.083	111648.000
164	183.734	1.153	2846	19	16.478	111648.000
165	184.991	1.252	2865	19	15.181	111648.000
166	186.089	1.091	2886	21	19.251	111648.000
167	187.140	1.046	2901	15	14.337	111648.000
168	188.215	1.066	2908	7	6.565	111648.000
169	189.258	1.039	2932	24	23.097	111648.000
170	190.287	1.022	2941	9	8.803	111648.000
171	191.301	1.008	2963	22	21.822	111648.000
172	192.334	1.027	2984	21	20.448	111648.000
173	193.412	1.073	3001	17	15.838	111648.000
174	194.464	1.046	3018	17	16.249	111648.000
175	195.497	1.023	3033	15	14.657	111648.000
176	196.522	1.021	3047	14	13.716	111648.000
177	197.533	1.006	3068	21	20.885	111648.000
178	198.903	1.364	3080	12	8.799	111648.000
179	199.941	1.022	3094	14	13.695	111648.000
180	200.956	1.006	3104	10	9.937	111648.000
181	202.024	1.063	3123	19	17.875	111648.000
182	203.183	1.154	3136	13	11.270	111648.000
183	204.285	1.088	3161	25	22.981	111648.000
184	205.510	1.220	3173	12	9.836	111648.000
185	206.528	1.012	3184	11	10.871	111648.000
186	207.581	1.045	3199	15	14.357	111648.000
187	209.131	1.540	3216	17	11.042	111648.000
188	210.262	1.122	3236	20	17.824	111648.000
189	211.344	1.076	3259	23	21.369	111648.000
190	212.581	1.224	3274	15	12.253	111648.000
191	213.595	1.006	3288	14	13.916	111648.000
192	214.878	1.279	3305	17	13.296	111648.000
193	215.947	1.061	3317	12	11.307	111648.000
194	216.979	1.026	3339	22	21.432	111648.000
195	218.056	1.068	3352	13	12.174	111648.000
196	219.071	1.009	3366	14	13.880	111648.000
197	220.173	1.097	3385	19	17.325	111648.000
198	221.499	1.322	3396	11	8.322	111648.000
199	222.584	1.079	3416	20	18.539	111648.000
200	223.690	1.097	3436	20	18.235	111648.000
201	224.770	1.075	3451	15	13.951	111648.000
202	225.816	1.038	3471	20	19.272	111648.000
203	226.842	1.020	3494	23	22.555	111648.000
204	227.921	1.074	3507	13	12.108	111648.000
205	229.013	1.087	3527	20	18.394	111648.000
206	230.213	1.192	3546	19	15.935	111648.000
207	231.255	1.037	3560	14	13.497	111648.000
208	232.372	1.105	3575	15	13.573	111648.000
209	233.408	1.028	3587	12	11.670	111648.000
210	234.540	1.122	3597	10	8.911	111648.000
211	235.723	1.174	3617	20	17.031	111648.000
212	236.877	1.148	3640	23	20.026	111648.000
213	237.936	1.054	3655	15	14.234	111648.000
214	239.005	1.062	3676	21	19.768	122020.000
215	240.058	1.047	3691	15	14.321	122020.000
216	241.123	1.060	3707	16	15.096	122020.000
217	242.236	1.108	3728	21	18.949	122020.000
218	243.368	1.127	3749	21	18.633	122020.000
219	244.534	1.159	3765	16	13.800	122020.000
220	245.614	1.072	3777	12	11.190	122020.000
221	246.950	1.330	3791	14	10.524	122020.000
222	248.149	1.194	3807	16	13.406	122020.000
223	249.274	1.117	3818	11	9.846	122020.000
224	250.388	1.108	3839	21	18.950	122020.000
225	251.400	1.004	3862	23	22.904	122020.000
226	252.689	1.284	3870	8	6.232	122020.000
227	253.731	1.036	3882	12	11.579	122020.000
228	255.002	1.266	3899	17	13.428	122020.000
229	256.022	1.013	3916	17	16.783	122020.000
230	257.044	1.015	3933	17	16.741	122020.000
231	258.063	1.015	3952	19	18.722	122020.000
232	259.087	1.019	3973	21	20.606	122020.000
233	260.100	1.009	3986	13	12.890	122020.000
234	261.233	1.126	4006	20	17.764	122020.000
235	262.335	1.098	4018	12	10.925	122020.000
236	263.454	1.110	4038	20	18.013	122020.000
237	264.784	1.322	4060	22	16.640	122020.000
238	266.268	1.478	4075	15	10.146	122020.000
239	267.382	1.105	4091	16	14.476	122020.000
240	268.741	1.353	4103	12	8.871	122020.000
241	269.753	1.006	4121	18	17.899	122020.000
242	270.885	1.126	4143	22	19.543	122020.000
243	272.014	1.125	4159	16	14.229	122020.000
244	273.220	1.201	4172	13	10.822	122020.000
245	274.340	1.114	4189	17	15.264	122020.000
246	275.602	1.257	4208	19	15.119	122020.000
247	276.762	1.149	4223	15	13.060	122020.000
248	277.845	1.078	4240	17	15.767	122020.000
249	278.864	1.012	4257	17	16.800	122020.000
250	280.011	1.142	4278	21	18.382	122020.000
251	281.088	1.073	4295	17	15.848	122020.000
252	282.113	1.019	4311	16	15.709	122020.000
253	283.152	1.032	4332	21	20.346	122020.000
254	284.179	1.017	4347	15	14.746	122020.000
255	285.247	1.063	4358	11	10.349	122020.000
256	286.268	1.014	4370	12	11.829	122020.000
257	287.376	1.104	4391	21	19.022	122020.000
258	288.417	1.035	4414	23	22.226	122020.000
259	289.433	1.007	4429	15	14.889	122020.000
260	290.842	1.406	4433	4	2.846	122020.000
261	291.882	1.032	4457	24	23.246	122020.000
262	292.890	1.002	4476	19	18.959	122020.000
263	293.899	1.005	4494	18	17.917	122020.000
264	294.987	1.085	4510	16	14.753	122020.000
265	296.099	1.105	4526	16	14.474	122020.000
266	297.186	1.081	4551	25	23.132	122020.000
267	298.275	1.084	4566	15	13.839	122020.000
268	299.290	1.009	4584	18	17.831	122020.000
269	300.320	1.025	4594	10	9.755	122020.000
270	301.485	1.159	4608	14	12.079	122020.000
271	302.500	1.007	4626	18	17.869	122020.000
272	303.567	1.062	4637	11	10.362	122020.000
273	304.855	1.283	4664	27	21.049	122020.000
274	305.898	1.036	4682	18	17.377	122020.000
275	307.305	1.400	4699	17	12.147	122020.000
276	308.440	1.128	4722	23	20.398	122020.000
277	309.468	1.019	4744	22	21.590	122020.000
278	310.527	1.053	4756	12	11.394	122020.000
279	311.639	1.107	4770	14	12.647	122020.000
280	312.654	1.010	4788	18	17.816	122020.000
281	313.710	1.050	4806	18	17.137	122020.000
282	314.722	1.006	4816	10	9.940	122020.000
283	315.982	1.254	4827	11	8.770	122020.000
284	317.051	1.063	4843	16	15.049	122020.000
285	318.141	1.085	4857	14	12.906	122020.000
286	319.152	1.004	4876	19	18.929	122020.000
287	320.335	1.174	4893	17	14.476	122020.000
288	321.488	1.147	4910	17	14.822	122020.000
289	322.517	1.024	4937	27	26.356	122020.000
290	323.708	1.183	4953	16	13.525	122020.000
291	324.800	1.086	4965	12	11.054	122020.000
292	325.815	1.010	4981	16	15.842	122020.000
293	326.848	1.024	4994	13	12.692	122020.000
294	327.907	1.052	5002	8	7.602	122020.000
295	329.430	1.519	5008	6	3.950	122020.000
296	330.447	1.007	5028	20	19.864	122020.000
297	331.562	1.107	5049	21	18.967	122020.000
298	332.614	1.046	5066	17	16.248	122020.000
299	333.670	1.049	5083	17	16.201	122020.000
300	334.675	1.001	5102	19	18.990	122020.000
301	335.697	1.016	5126	24	23.617	122020.000
302	336.710	1.007	5143	17	16.881	122020.000
303	337.826	1.111	5158	15	13.498	122020.000
304	338.869	1.036	5184	26	25.100	122020.000
305	340.012	1.138	5188	4	3.515	122020.000
306	341.036	1.018	5203	15	14.730	122020.000
307	342.114	1.074	5219	16	14.904	122020.000
308	343.122	1.001	5232	13	12.983	122020.000
309	344.144	1.016	5248	16	15.742	122020.000
310	345.168	1.018	5266	18	17.685	122020.000
311	346.325	1.149	5287	21	18.276	122020.000
312	347.355	1.022	5303	16	15.661	122020.000
313	348.554	1.193	5318	15	12.570	122020.000
314	349.717	1.159	5326	8	6.904	122020.000
315	351.507	1.784	5341	15	8.409	122020.000
316	352.531	1.019	5346	5	4.909	122020.000
317	353.800	1.263	5358	12	9.502	122020.000
318	354.832	1.022	5369	11	10.767	122020.000
319	355.882	1.039	5384	15	14.441	122020.000
320	356.901	1.003	5395	11	10.962	122020.000
321	357.948	1.038	5417	22	21.192	122020.000
322	359.001	1.047	5427	10	9.550	122020.000
323	360.044	1.037	5441	14	13.497	122020.000
324	361.155	1.105	5454	13	11.765	122020.000
325	362.430	1.269	5470	16	12.606	122020.000
326	363.536	1.100	5490	20	18.188	122020.000
327	364.573	1.032	5509	19	18.412	122020.000
328	365.642	1.064	5523	14	13.152	122020.000
329	366.699	1.052	5534	11	10.460	122020.000
330	367.705	1.001	5545	11	10.993	122020.000
331	368.771	1.062	5563	18	16.954	122020.000
332	369.827	1.049	5582	19	18.114	122020.000
333	370.932	1.099	5602	20	18.192	122020.000
334	371.943	1.005	5621	19	18.908	122020.000
335	373.015	1.066	5643	22	20.640	122020.000
336	374.095	1.066	5655	12	11.255	122020.000
337	375.147	1.048	5668	13	12.410	122020.000
338	376.179	1.026	5687	19	18.523	122020.000
339	377.250	1.066	5705	18	16.891	122020.000
340	378.282	1.027	5726	21	20.455	122020.000
341	379.289	1.002	5738	12	11.977	122020.000
342	380.326	1.034	5759	21	20.317	122020.000
343	381.391	1.060	5772	13	12.262	122020.000
344	382.423	1.027	5789	17	16.555	122020.000
345	383.828	1.399	5804	15	10.722	122020.000
346	384.881	1.049	5823	19	18.118	122020.000
347	385.933	1.047	5842	19	18.152	122020.000
348	387.210	1.271	5850	8	6.292	122020.000
349	388.474	1.259	5863	13	10.328	122020.000
350	389.483	1.002	5880	17	16.964	122020.000
351	390.503	1.014	5892	12	11.835	122020.000
352	391.511	1.004	5920	28	27.901	122020.000
353	392.752	1.237	5934	14	11.318	122020.000
354	393.805	1.042	5946	12	11.515	122020.000
355	394.846	1.036	5970	24	23.166	122020.000
356	396.095	1.243	5978	8	6.437	122020.000
357	397.367	1.266	5989	11	8.691	122020.000
358	398.426	1.055	6002	13	12.327	122020.000
359	399.451	1.017	6021	19	18.682	122020.000
360	400.470	1.015	6045	24	23.651	122020.000
361	401.515	1.040	6066	21	20.189	122020.000
362	402.521	1.001	6088	22	21.981	122020.000
363	403.533	1.006	6107	19	18.882	122020.000
364	404.581	1.040	6122	15	14.421	122020.000
365	405.754	1.169	6136	14	11.977	122020.000
366	406.838	1.079	6152	16	14.824	122020.000
367	407.986	1.141	6169	17	14.898	122020.000
368	409.445	1.452	6191	22	15.152	122020.000
369	410.539	1.088	6200	9	8.275	122020.000
370	411.604	1.060	6218	18	16.974	122020.000
371	412.913	1.300	6237	19	14.613	122020.000
372	413.983	1.063	6264	27	25.397	122020.000
373	415.077	1.088	6286	22	20.224	122020.000
374	416.170	1.085	6305	19	17.507	122020.000
375	417.211	1.036	6323	18	17.372	122020.000
376	418.439	1.223	6334	11	8.993	122020.000
377	419.575	1.129	6349	15	13.282	122020.000
378	420.604	1.023	6373	24	23.451	122020.000
379	421.629	1.016	6392	19	18.695	122020.000
380	422.690	1.056	6413	21	19.885	122020.000
381	423.829	1.134	6433	20	17.634	122020.000
382	424.842	1.006	6441	8	7.954	122020.000
383	425.852	1.003	6451	10	9.968	122020.000
384	426.872	1.015	6468	17	16.742	122020.000
385	428.057	1.181	6485	17	14.399	122020.000
386	429.546	1.483	6494	9	6.068	122020.000
387	430.593	1.042	6512	18	17.274	122020.000
388	432.155	1.555	6527	15	9.646	122020.000
389	433.194	1.034	6538	11	10.642	122020.000
390	434.310	1.111	6549	11	9.898	122020.000
391	435.445	1.130	6559	10	8.853	122020.000
392	436.505	1.055	6578	19	18.006	122020.000
393	437.547	1.035	6585	7	6.761	122020.000
394	438.724	1.171	6598	13	11.106	122020.000
395	439.745	1.013	6614	16	15.798	122020.000
396	440.773	1.023	6626	12	11.728	122020.000
397	441.823	1.045	6636	10	9.566	122020.000
398	442.999	1.169	6649	13	11.117	122020.000
399	444.254	1.249	6667	18	14.411	122020.000
400	445.317	1.056	6687	20	18.947	122020.000
401	446.355	1.033	6704	17	16.460	122020.000
402	447.365	1.006	6719	15	14.917	122020.000
403	448.743	1.372	6734	15	10.932	122020.000
404	449.796	1.047	6758	24	22.933	122020.000
405	450.822	1.019	6777	19	18.648	122020.000
406	451.836	1.010	6791	14	13.861	122020.000
407	452.967	1.127	6815	24	21.288	122020.000
408	454.017	1.044	6831	16	15.319	122020.000
409	455.043	1.019	6844	13	12.760	122020.000
410	456.069	1.021	6859	15	14.692	122020.000
411	457.120	1.041	6873	14	13.445	122020.000
412	458.187	1.062	6887	14	13.189	122020.000
413	459.217	1.023	6905	18	17.602	122020.000
414	460.271	1.050	6921	16	15.232	122020.000
415	461.279	1.003	6938	17	16.957	122020.000
416	462.518	1.234	6949	11	8.917	122020.000
417	463.552	1.027	6970	21	20.441	122020.000
418	464.724	1.167	6991	21	17.996	122020.000
419	465.795	1.066	7004	13	12.197	122020.000
420	466.873	1.071	7019	15	14.003	122020.000
421	468.187	1.307	7040	21	16.062	122020.000
422	469.260	1.067	7050	10	9.376	122020.000
423	470.281	1.016	7065	15	14.764	122020.000
424	471.444	1.156	7077	12	10.383	122020.000
425	472.457	1.007	7093	16	15.881	122020.000
426	473.807	1.345	7113	20	14.867	122020.000
427	475.018	1.205	7123	10	8.302	122020.000
428	476.072	1.050	7141	18	17.146	122020.000
429	477.506	1.428	7160	19	13.305	122020.000
430	478.708	1.193	7181	21	17.598	122020.000
431	479.811	1.098	7194	13	11.841	122020.000
432	480.862	1.046	7211	17	16.249	122020.000
433	481.899	1.027	7223	12	11.683	122020.000
434	482.940	1.036	7242	19	18.341	122020.000
435	483.957	1.012	7259	17	16.800	122020.000
436	485.004	1.042	7278	19	18.240	122020.000
437	486.109	1.100	7288	10	9.093	122020.000
438	487.364	1.249	7314	26	20.810	122020.000
439	488.437	1.067	7329	15	14.052	122020.000
440	489.461	1.014	7334	5	4.929	122020.000
441	490.595	1.129	7351	17	15.053	122020.000
442	491.662	1.062	7358	7	6.593	122020.000
443	492.720	1.050	7382	24	22.853	122020.000
444	493.735	1.010	7396	14	13.856	122020.000
445	495.130	1.389	7419	23	16.556	122020.000
446	496.159	1.020	7434	15	14.708	122020.000
447	497.322	1.157	7444	10	8.642	122020.000
448	498.379	1.051	7456	12	11.417	122020.000
449	499.392	1.009	7465	9	8.922	122020.000
450	500.467	1.069	7489	24	22.457	122020.000
451	501.513	1.041	7505	16	15.363	122020.000
452	502.532	1.012	7520	15	14.825	122020.000
453	503.576	1.039	7531	11	10.589	122020.000
454	504.595	1.014	7547	16	15.780	122020.000
455	505.614	1.014	7565	18	17.755	122020.000
456	506.774	1.155	7576	11	9.526	122020.000
457	507.938	1.156	7592	16	13.837	122020.000
458	509.007	1.060	7613	21	19.806	122020.000
459	510.194	1.182	7638	25	21.142	122020.000
460	511.325	1.124	7646	8	7.117	122020.000
461	512.347	1.009	7665	19	18.836	122020.000
462	513.385	1.033	7687	22	21.293	122020.000
463	514.407	1.017	7709	22	21.624	122020.000
464	515.462	1.048	7727	18	17.177	122020.000
465	516.544	1.075	7745	18	16.752	122020.000
466	517.625	1.076	7765	20	18.590	122020.000
467	518.680	1.049	7784	19	18.113	122020.000
468	519.838	1.151	7796	12	10.423	122020.000
469	520.883	1.039	7821	25	24.061	122020.000
470	521.945	1.057	7837	16	15.132	122020.000
471	523.008	1.055	7863	26	24.653	122020.000
472	524.015	1.001	7883	20	19.976	122020.000
473	525.019	1.000	7894	11	11.000	122020.000
474	526.050	1.027	7910	16	15.585	122020.000
475	527.067	1.011	7931	21	20.771	122020.000
476	528.191	1.119	7936	5	4.469	122020.000
477	529.247	1.049	7958	22	20.964	122020.000
478	530.302	1.049	7973	15	14.301	122020.000
479	531.319	1.011	7986	13	12.857	122020.000
480	532.333	1.008	8005	19	18.842	122020.000
481	533.344	1.007	8026	21	20.851	122020.000
482	534.407	1.057	8041	15	14.187	122020.000
483	535.714	1.301	8062	21	16.136	122020.000
484	536.853	1.130	8071	9	7.963	122020.000
485	537.872	1.014	8091	20	19.721	122020.000
486	538.895	1.018	8103	12	11.786	122020.000
487	539.944	1.043	8124	21	20.131	122020.000
488	541.200	1.251	8136	12	9.589	122020.000
489	542.384	1.178	8148	12	10.189	122020.000
490	543.396	1.005	8159	11	10.949	122020.000
491	544.676	1.277	8174	15	11.745	122020.000
492	545.807	1.124	8196	22	19.572	122020.000
493	546.819	1.006	8210	14	13.921	122020.000
494	548.122	1.298	8229	19	14.638	122020.000
495	549.263	1.135	8237	8	7.046	122020.000
496	550.307	1.038	8248	11	10.601	122020.000
497	551.360	1.047	8269	21	20.063	122020.000
498	552.444	1.078	8281	12	11.136	122020.000
499	553.464	1.014	8295	14	13.808	122020.000
500	554.507	1.036	8305	10	9.651	122020.000
501	555.520	1.003	8318	13	12.957	122020.000
502	556.706	1.181	8346	28	23.713	122020.000
503	557.731	1.020	8364	18	17.650	122020.000
504	558.764	1.028	8381	17	16.541	122020.000
505	559.792	1.022	8400	19	18.592	122020.000
506	560.803	1.006	8412	12	11.926	122020.000
507	561.835	1.021	8428	16	15.666	122020.000
508	562.842	1.001	8446	18	17.976	122020.000
509	563.973	1.126	8454	8	7.104	122020.000
510	565.125	1.146	8462	8	6.981	122020.000
511	566.192	1.060	8476	14	13.208	122020.000
512	567.336	1.138	8486	10	8.784	122020.000
513	568.440	1.093	8500	14	12.813	122020.000
514	570.055	1.610	8520	20	12.420	122020.000
515	571.092	1.032	8539	19	18.418	122020.000
516	572.187	1.086	8555	16	14.733	122020.000
517	573.238	1.044	8577	22	21.064	122020.000
518	574.284	1.039	8591	14	13.470	122020.000
519	575.291	1.000	8604	13	12.995	122020.000
520	576.329	1.033	8620	16	15.489	122020.000
521	577.456	1.122	8642	22	19.603	122020.000
522	578.489	1.027	8648	6	5.839	122020.000
523	579.532	1.036	8667	19	18.344	122020.000
524	580.661	1.124	8682	15	13.341	122020.000
525	581.849	1.182	8702	20	16.914	122020.000
526	582.960	1.103	8720	18	16.326	122020.000
527	584.122	1.153	8746	26	22.542	122020.000
528	585.256	1.127	8757	11	9.764	122020.000
529	586.376	1.114	8777	20	17.949	122020.000
530	587.545	1.159	8791	14	12.078	122020.000
531	588.565	1.015	8806	15	14.785	122020.000
532	589.602	1.031	8822	16	15.519	122020.000
533	590.709	1.101	8829	7	6.358	122020.000
534	591.744	1.028	8839	10	9.723	122020.000
535	592.767	1.013	8850	11	10.860	122020.000
536	594.232	1.461	8867	17	11.637	122020.000
537	595.363	1.125	8895	28	24.882	122020.000
538	596.372	1.004	8911	16	15.943	122020.000
539	597.422	1.045	8936	25	23.932	122020.000
540	598.429	1.001	8962	26	25.982	122020.000
541	599.448	1.012	8988	26	25.700	122020.000
542	600.458	1.005	9007	19	18.904	122020.000
543	601.793	1.330	9021	14	10.526	122020.000
544	602.860	1.056	9028	7	6.628	122020.000
545	603.928	1.059	9047	19	17.934	122020.000
546	605.019	1.083	9060	13	12.002	122020.000
547	606.035	1.012	9075	15	14.824	122020.000
548	607.109	1.067	9083	8	7.498	122020.000
549	608.344	1.229	9097	14	11.388	122020.000
550	609.727	1.372	9108	11	8.016	122020.000
551	610.889	1.154	9127	19	16.466	122020.000
552	611.976	1.073	9146	19	17.712	122020.000
553	613.129	1.143	9158	12	10.503	122020.000
554	614.156	1.021	9178	20	19.583	122020.000
555	615.183	1.024	9200	22	21.489	122020.000
556	616.257	1.068	9214	14	13.104	122020.000
557	617.282	1.019	9239	25	24.546	122020.000
558	618.410	1.123	9253	14	12.465	122020.000
559	619.420	1.004	9268	15	14.935	122020.000
560	620.497	1.070	9275	7	6.542	122020.000
561	621.519	1.017	9299	24	23.592	122020.000
562	622.552	1.025	9316	17	16.578	122020.000
563	623.563	1.006	9332	16	15.898	122020.000
564	624.659	1.091	9346	14	12.832	122020.000
565	625.841	1.173	9360	14	11.934	122020.000
566	627.001	1.154	9376	16	13.862	122020.000
567	628.095	1.085	9391	15	13.824	122020.000
568	629.197	1.095	9415	24	21.911	122020.000
569	630.379	1.176	9435	20	17.012	122020.000
570	631.430	1.044	9453	18	17.234	122020.000
571	632.658	1.222	9464	11	9.001	122020.000
572	633.677	1.005	9478	14	13.926	122020.000
573	634.703	1.020	9492	14	13.725	122020.000
574	635.857	1.149	9510	18	15.662	122020.000
575	637.111	1.248	9525	15	12.023	122020.000
576	638.303	1.186	9539	14	11.808	122020.000
577	639.391	1.082	9558	19	17.564	122020.000
578	640.478	1.082	9580	22	20.342	122020.000
579	641.519	1.029	9593	13	12.628	122020.000
580	642.534	1.006	9603	10	9.936	122020.000
581	643.622	1.081	9624	21	19.431	122020.000
582	644.638	1.009	9639	15	14.861	122020.000
583	645.725	1.083	9657	18	16.627	122020.000
584	646.773	1.040	9681	24	23.072	122020.000
585	648.331	1.553	9703	22	14.162	122020.000
586	649.386	1.050	9725	22	20.944	122020.000
587	650.408	1.016	9742	17	16.724	122020.000
588	651.425	1.013	9754	12	11.850	122020.000
589	652.464	1.034	9769	15	14.507	122020.000
590	653.594	1.124	9777	8	7.116	122020.000
591	654.736	1.137	9800	23	20.236	122020.000
592	655.871	1.129	9811	11	9.740	122020.000
593	656.883	1.007	9821	10	9.934	122020.000
594	657.942	1.054	9846	25	23.722	122020.000
595	658.976	1.027	9860	14	13.627	122020.000
596	660.018	1.038	9882	22	21.204	122020.000
597	661.238	1.213	9901	19	15.659	122020.000
598	662.277	1.035	9914	13	12.560	122020.000
599	663.405	1.123	9921	7	6.233	122020.000
600	664.520	1.109	9938	17	15.324	122020.000
601	665.693	1.163	9950	12	10.321	122020.000
602	666.827	1.129	9960	10	8.860	122020.000
603	667.873	1.040	9979	19	18.265	122020.000
604	669.199	1.319	9996	17	12.888	122020.000
605	670.208	1.000	10008	12	11.995	122020.000
606	671.234	1.019	10029	21	20.607	122020.000
607	672.807	1.567	10036	7	4.468	122020.000
608	673.975	1.163	10055	19	16.343	122020.000
609	675.036	1.056	10069	14	13.257	122020.000
610	676.242	1.197	10087	18	15.032	122020.000
611	678.043	1.796	10107	20	11.133	122020.000
612	679.059	1.010	10125	18	17.829	122020.000
613	680.071	1.007	10141	16	15.893	122020.000
614	681.093	1.015	10158	17	16.754	122020.000
615	682.124	1.025	10174	16	15.606	122020.000
616	683.238	1.107	10201	27	24.382	122020.000
617	684.255	1.012	10213	12	11.860	122020.000
618	685.263	1.002	10227	14	13.973	122020.000
619	686.283	1.015	10247	20	19.705	122020.000
620	687.349	1.060	10262	15	14.151	122020.000
621	688.481	1.126	10279	17	15.094	122020.000
622	689.527	1.038	10289	10	9.636	122020.000
623	690.594	1.062	10302	13	12.241	122020.000
624	691.604	1.004	10316	14	13.938	122020.000
625	692.642	1.034	10332	16	15.473	122020.000
626	693.776	1.128	10348	16	14.179	122020.000
627	695.007	1.226	10369	21	17.129	122020.000
628	696.027	1.015	10386	17	16.746	122020.000
629	697.389	1.357	10401	15	11.055	122020.000
630	698.525	1.131	10421	20	17.688	122020.000
631	699.536	1.003	10438	17	16.945	122020.000
632	700.598	1.057	10456	18	17.030	122020.000
633	701.610	1.005	10467	11	10.940	122020.000
634	702.795	1.180	10482	15	12.707	122020.000
635	703.862	1.061	10501	19	17.900	122020.000
636	704.918	1.050	10515	14	13.333	122020.000
637	706.040	1.116	10532	17	15.230	122020.000
638	707.052	1.006	10541	9	8.945	122020.000
639	708.076	1.020	10561	20	19.603	122020.000
640	709.139	1.059	10574	13	12.280	122020.000
641	710.207	1.062	10585	11	10.362	122020.000
642	711.217	1.005	10599	14	13.930	122020.000
643	712.307	1.078	10612	13	12.056	122020.000
644	713.328	1.016	10626	14	13.781	122020.000
645	714.350	1.014	10637	11	10.846	122020.000
646	715.417	1.061	10648	11	10.364	122020.000
647	716.466	1.042	10668	20	19.199	122020.000
648	717.485	1.012	10687	19	18.770	122020.000
649	718.722	1.232	10702	15	12.173	122020.000
650	719.975	1.247	10725	23	18.441	122020.000
651	721.213	1.232	10731	6	4.871	122020.000
652	722.271	1.051	10749	18	17.127	122020.000
653	723.305	1.028	10776	27	26.263	122020.000
654	724.447	1.133	10796	20	17.655	122020.000
655	725.602	1.149	10819	23	20.019	122020.000
656	726.688	1.078	10826	7	6.495	122020.000
657	727.741	1.047	10836	10	9.552	122020.000
658	728.777	1.031	10846	10	9.702	122020.000
659	729.810	1.028	10867	21	20.434	122020.000
660	730.854	1.038	10884	17	16.370	122020.000
661	731.898	1.038	10899	15	14.452	122020.000
662	733.250	1.348	10913	14	10.387	122020.000
663	734.305	1.048	10932	19	18.122	122020.000
664	735.493	1.183	10964	32	27.053	122020.000
665	736.583	1.084	10977	13	11.996	122020.000
666	737.876	1.287	10990	13	10.097	122020.000
667	739.227	1.344	11007	17	12.644	122020.000
668	740.248	1.015	11015	8	7.882	122020.000
669	741.834	1.581	11026	11	6.959	122020.000
670	742.962	1.122	11037	11	9.804	122020.000
671	744.278	1.309	11050	13	9.930	122020.000
672	745.387	1.103	11068	18	16.326	122020.000
673	746.471	1.079	11074	6	5.561	122020.000
674	747.553	1.075	11084	10	9.302	122020.000
675	748.586	1.027	11097	13	12.654	122020.000
676	749.620	1.030	11113	16	15.529	122020.000
677	750.766	1.137	11129	16	14.070	122020.000
678	751.897	1.122	11136	7	6.241	122020.000
679	753.006	1.103	11150	14	12.691	122020.000
680	754.144	1.131	11168	18	15.909	122020.000
681	755.269	1.120	11187	19	16.970	122020.000
682	756.300	1.025	11207	20	19.504	122020.000
683	757.497	1.192	11233	26	21.806	122020.000
684	758.609	1.106	11247	14	12.656	122020.000
685	759.926	1.311	11270	23	17.545	122020.000
686	761.086	1.155	11274	4	3.462	122020.000
687	762.133	1.041	11283	9	8.642	122020.000
688	763.423	1.279	11298	15	11.729	122020.000
689	764.656	1.228	11313	15	12.216	122020.000
690	765.672	1.010	11328	15	14.847	122020.000
691	766.689	1.011	11345	17	16.820	122020.000
692	767.777	1.082	11357	12	11.086	122020.000
693	768.959	1.171	11368	11	9.394	122020.000
694	769.992	1.024	11376	8	7.815	122020.000
695	771.007	1.009	11398	22	21.810	122020.000
696	772.249	1.239	11409	11	8.878	122020.000
697	773.679	1.425	11427	18	12.632	122020.000
698	774.687	1.003	11451	24	23.934	122020.000
699	775.699	1.007	11471	20	19.856	122020.000
700	776.764	1.058	11489	18	17.011	122020.000
701	777.770	1.002	11507	18	17.969	122020.000
702	779.665	1.891	11533	26	13.748	122020.000
703	780.940	1.267	11548	15	11.839	122020.000
704	781.973	1.025	11567	19	18.540	122020.000
705	783.000	1.022	11574	7	6.851	122020.000
706	784.007	1.002	11587	13	12.969	122020.000
707	785.036	1.022	11602	15	14.675	122020.000
708	786.127	1.076	11614	12	11.152	122020.000
709	787.213	1.070	11630	16	14.950	122020.000
710	788.243	1.025	11647	17	16.578	122020.000
711	789.261	1.012	11664	17	16.802	122020.000
712	790.325	1.059	11679	15	14.166	122020.000
713	791.363	1.032	11696	17	16.480	122020.000
714	792.411	1.043	11711	15	14.383	122020.000
715	793.491	1.076	11724	13	12.086	122020.000
716	795.100	1.604	11739	15	9.349	122020.000
717	796.156	1.051	11750	11	10.468	122020.000
718	797.252	1.091	11759	9	8.249	122020.000
719	798.271	1.015	11773	14	13.795	122020.000
720	799.296	1.019	11791	18	17.659	122020.000
721	800.632	1.330	11801	10	7.516	122020.000
722	801.679	1.041	11816	15	14.410	122020.000
723	802.903	1.218	11832	16	13.134	122020.000
724	803.959	1.050	11849	17	16.186	122020.000
725	805.103	1.138	11869	20	17.576	122020.000
726	806.115	1.007	11881	12	11.918	122020.000
727	807.211	1.092	11891	10	9.157	122020.000
728	808.298	1.083	11914	23	21.245	122020.000
729	809.387	1.084	11941	27	24.911	122020.000
730	810.480	1.088	11954	13	11.947	122020.000
731	811.496	1.011	11963	9	8.898	122020.000
732	812.558	1.057	11985	22	20.812	122020.000
733	813.966	1.403	12004	19	13.542	122020.000
734	814.988	1.015	12023	19	18.718	122020.000
735	816.586	1.594	12039	16	10.038	122020.000
736	817.616	1.025	12058	19	18.534	122020.000
737	818.679	1.058	12076	18	17.006	122020.000
738	819.692	1.007	12085	9	8.940	122020.000
739	820.744	1.047	12099	14	13.368	122020.000
740	821.801	1.053	12117	18	17.100	122020.000
741	822.808	1.001	12138	21	20.970	122020.000
742	823.836	1.024	12144	6	5.859	122020.000
743	825.052	1.210	12162	18	14.871	122020.000
744	826.178	1.122	12180	18	16.047	122020.000
745	827.292	1.107	12197	17	15.357	122020.000
746	828.298	1.002	12218	21	20.958	122020.000
747	829.424	1.120	12232	14	12.497	122020.000
748	830.532	1.103	12243	11	9.971	122020.000
749	831.721	1.184	12258	15	12.664	122020.000
750	832.816	1.087	12267	9	8.283	122020.000
751	833.880	1.060	12288	21	19.816	122020.000
752	835.113	1.225	12308	20	16.331	122020.000
753	836.140	1.019	12322	14	13.740	122020.000
754	837.208	1.061	12344	22	20.743	122020.000
755	838.222	1.009	12360	16	15.862	122020.000
756	839.254	1.028	12375	15	14.595	122020.000
757	840.358	1.100	12393	18	16.369	122020.000
758	841.389	1.024	12403	10	9.769	122020.000
759	842.429	1.033	12421	18	17.423	122020.000
760	843.596	1.162	12441	20	17.219	122020.000
761	844.849	1.248	12461	20	16.028	122020.000
762	845.949	1.092	12480	19	17.405	122020.000
763	847.363	1.409	12495	15	10.642	122020.000
764	848.716	1.348	12509	14	10.386	122020.000
765	849.728	1.007	12522	13	12.907	122020.000
766	850.914	1.182	12533	11	9.310	122020.000
767	851.967	1.046	12552	19	18.160	122020.000
768	853.039	1.066	12570	18	16.878	122020.000
769	854.067	1.023	12578	8	7.821	122020.000
770	855.082	1.009	12598	20	19.814	122020.000
771	856.093	1.004	12613	15	14.934	122020.000
772	857.130	1.033	12633	20	19.368	122020.000
773	858.299	1.164	12652	19	16.323	122020.000
774	859.340	1.034	12677	25	24.173	122020.000
775	860.354	1.009	12701	24	23.782	122020.000
776	861.419	1.060	12712	11	10.382	122020.000
777	862.436	1.012	12728	16	15.818	122020.000
778	863.447	1.007	12747	19	18.874	122020.000
779	864.462	1.010	12763	16	15.848	122020.000
780	865.530	1.063	12779	16	15.058	122020.000
781	866.547	1.011	12797	18	17.806	122020.000
782	867.746	1.193	12812	15	12.569	122020.000
783	868.929	1.176	12826	14	11.906	122020.000
784	869.995	1.060	12842	16	15.089	122020.000
785	871.026	1.026	12854	12	11.693	122020.000
786	872.047	1.016	12878	24	23.626	122020.000
787	873.369	1.318	12897	19	14.418	122020.000
788	874.600	1.223	12923	26	21.252	122020.000
789	875.665	1.059	12936	13	12.277	122020.000
790	876.851	1.180	12948	12	10.167	122020.000
791	877.876	1.019	12966	18	17.658	122020.000
792	878.950	1.068	12984	18	16.849	122020.000
793	880.052	1.095	12994	10	9.132	122020.000
794	881.086	1.026	13023	29	28.266	122020.000
795	882.096	1.004	13045	22	21.912	122020.000
796	883.103	1.001	13063	18	17.975	122020.000
797	884.118	1.007	13082	19	18.863	122020.000
798	885.170	1.044	13091	9	8.619	122020.000
799	886.231	1.057	13106	15	14.184	122020.000
800	887.317	1.079	13125	19	17.608	122020.000
801	888.409	1.088	13151	26	23.905	122020.000
802	889.432	1.018	13164	13	12.770	122020.000
803	890.497	1.060	13184	20	18.872	122020.000
804	891.511	1.010	13203	19	18.819	122020.000
805	892.531	1.014	13226	23	22.692	122020.000
806	893.700	1.164	13253	27	23.199	122020.000
807	894.831	1.126	13284	31	27.522	122020.000
808	895.919	1.082	13305	21	19.411	122020.000
809	897.036	1.112	13320	15	13.484	122020.000
810	898.043	1.002	13337	17	16.970	122020.000
811	899.107	1.059	13355	18	16.998	122020.000
812	900.113	1.000	13371	16	15.994	122020.000
813	901.497	1.380	13384	13	9.421	122020.000
814	902.568	1.063	13393	9	8.464	122020.000
815	903.660	1.088	13407	14	12.873	122020.000
816	904.832	1.167	13418	11	9.424	122020.000
817	905.850	1.013	13433	15	14.805	122020.000
818	906.877	1.021	13447	14	13.712	122020.000
819	908.356	1.474	13465	18	12.211	122020.000
820	909.393	1.032	13480	15	14.540	122020.000
821	910.547	1.149	13497	17	14.789	122020.000
822	911.709	1.157	13508	11	9.511	122020.000
823	912.773	1.059	13530	22	20.783	122020.000
824	913.886	1.105	13544	14	12.671	122020.000
825	914.894	1.003	13565	21	20.947	122020.000
826	916.098	1.200	13580	15	12.504	122020.000
827	917.264	1.157	13594	14	12.102	122020.000
828	918.399	1.128	13614	20	17.728	122020.000
829	919.479	1.074	13632	18	16.757	122020.000
830	920.549	1.065	13640	8	7.514	122020.000
831	921.574	1.019	13652	12	11.771	122020.000
832	922.625	1.045	13666	14	13.397	122020.000
833	923.657	1.027	13676	10	9.733	122020.000
834	924.683	1.020	13696	20	19.615	122020.000
835	925.758	1.071	13709	13	12.140	122020.000
836	926.862	1.101	13723	14	12.720	122020.000
837	927.967	1.101	13733	10	9.086	122020.000
838	929.264	1.292	13746	13	10.062	122020.000
839	929.281	0.012	13750	4	333.835	122020.000
#Command Line: /home/carlos/svn/BenSP_suite/apps/ferret/bin/ferret-pthreads /home/carlos/svn/BenSP_suite/apps/ferret/inputs/heavy_duty/h1/dataset lsh /home/carlos/svn/BenSP_suite/apps/ferret/inputs/heavy_duty/h1/images(input) 50(images to rank) 1(threads) 20(L->S) 20(S->E) 20(E->V) 20(V->R) 20(R->O)
