#IDX 	 Time Lapse 	 LOAD->SEG 	 SEG->EXTRACT 	 EXTRACT->VEC 	 VEC->RANK 	 RANK->OUT 	 Service Time 
0	1.169	1507.125	47.125	74718.750	74718.750	55.375	696285.375
1	2.309	1603.524	4029.524	387422.048	387422.048	26.238	1448833.571
2	3.345	986.286	166834.429	1022655.857	1022655.857	40.286	2667378.429
3	4.437	78491.542	898115.083	1317888.750	1317888.750	49.542	3360597.917
4	5.457	912602.500	1372789.083	930834.417	930834.417	40.375	4292509.208
5	6.715	1450289.562	815429.438	1092833.312	1092833.312	48.500	4354847.312
6	7.749	1053910.500	975876.500	954102.500	954102.500	37.000	4571754.667
7	8.761	825380.812	1058374.812	1196476.312	1196476.312	51.875	4846077.188
8	9.778	1060983.842	1132451.263	1666648.368	1666648.368	47.947	5118077.368
9	10.856	1148491.273	1643828.909	1208545.773	1208545.773	44.591	4961477.545
10	11.883	1617484.957	1152440.522	924544.652	924544.652	30.696	4734333.087
11	12.895	1151970.308	856447.923	1010253.538	1010253.538	47.154	4320829.308
12	13.991	934796.609	996643.435	1152725.522	1152725.522	45.304	4168080.522
13	15.420	974381.556	1014089.111	1221545.556	1221545.556	46.000	4874333.778
14	16.436	1058305.333	1204327.708	1271096.792	1271096.792	29.125	5123848.875
15	17.511	1197614.947	1313234.000	1499257.368	1499257.368	27.000	5075701.421
16	18.539	1014054.000	1820557.462	937540.308	937540.308	33.692	4975709.538
17	19.623	1920083.188	935591.688	1122423.250	1122423.250	33.938	5717047.188
18	20.701	1018195.286	1094492.190	1579821.905	1579821.905	16.429	4762546.762
19	21.723	1085533.350	1598553.750	999194.050	999194.050	17.700	4897758.200
20	22.815	1594473.000	998827.368	1167285.947	1167285.947	45.842	4932140.737
21	23.913	1019241.182	1151370.273	1115403.409	1115403.409	38.818	4291904.500
22	24.936	1172843.765	1120041.647	943892.824	943892.824	32.529	4488025.941
23	26.088	1112169.615	977834.692	1088105.923	1088105.923	35.308	4510803.462
24	27.245	1055949.625	965213.812	1265273.812	1265273.812	18.000	4953468.062
25	28.408	964729.190	1263411.905	1525004.810	1525004.810	16.238	5064334.762
26	29.430	1253374.778	1532715.000	1274319.667	1274319.667	25.167	5306044.556
27	30.487	1425870.375	1377059.062	1139106.375	1139106.375	35.125	5257109.688
28	31.541	1574428.533	1060834.267	1269395.400	1269395.400	39.067	5262161.267
29	32.590	1089507.750	1251352.417	1280128.042	1280128.042	37.542	4746749.000
30	33.773	1241571.783	1289666.087	1009417.435	1009417.435	16.304	4445293.174
31	34.798	1270763.136	952698.045	875478.636	875478.636	33.364	4208495.364
32	35.817	921098.958	893796.500	1070897.458	1070897.458	45.292	3921580.375
33	36.852	857521.000	1104350.467	1051681.000	1051681.000	22.933	4004724.867
34	37.934	1010322.818	1092570.273	830753.000	830753.000	19.000	4179688.818
35	38.954	1103334.182	903449.727	1129799.227	1129799.227	21.955	4668365.455
36	39.967	883125.062	1086081.875	1550960.562	1550960.562	251.688	4714466.062
37	41.061	1003526.500	1509299.929	1133954.643	1133954.643	19.000	4972746.214
38	42.203	1294209.500	1320946.333	1212061.833	1212061.833	9.833	5439172.750
39	43.474	1428401.579	1170661.474	1413833.579	1413833.579	10.474	5494686.211
40	44.615	1140624.875	1348326.562	1507157.875	1507157.875	9.125	5544526.000
41	45.631	1298973.167	1563585.611	1382313.944	1382313.944	11.222	5733030.278
42	46.697	1594086.312	1288694.500	1527558.812	1527558.812	11.125	5760714.938
43	48.364	1269544.500	1712107.200	1235751.700	1235751.700	9.500	5566804.100
44	49.399	1413091.538	1355497.154	1302539.000	1302539.000	15.308	6474423.385
45	50.555	1519920.765	1284067.529	1802748.706	1802748.706	41.059	6562663.235
46	51.571	1265666.111	1659965.444	2044529.389	2044529.389	14.111	6483958.056
47	52.603	1260385.308	2400208.692	1500962.385	1500962.385	16.077	6386362.077
48	53.802	2389802.412	1439267.294	1263376.176	1263376.176	37.588	6495121.588
49	55.200	1542249.450	1319957.600	1310994.000	1310994.000	15.100	5629816.600
50	56.209	1439542.333	1297565.583	1454180.750	1454180.750	8.583	5594811.083
51	57.334	1185222.250	1370118.562	1315283.625	1315283.625	15.875	5606178.375
52	58.421	1336570.882	1396441.588	1633483.294	1633483.294	11.647	5716992.294
53	59.497	1395071.000	1550226.350	1323368.500	1323368.500	13.350	5498206.700
54	60.561	1554793.444	1308566.889	1222758.833	1222758.833	9.611	5473088.222
55	61.698	1401894.538	1333556.769	1219745.154	1219745.154	9.615	5074891.231
56	62.822	1276267.526	1150196.474	1197042.947	1197042.947	318.842	5291615.579
57	63.873	1059081.143	1344882.429	1567739.286	1567739.286	62.643	5297737.429
58	64.980	1402883.625	1303236.875	1430860.312	1430860.312	21.438	5547006.938
59	66.032	1029626.167	1575091.333	1273083.333	1273083.333	14.500	5561269.167
60	67.042	1413051.286	1368795.905	1416672.333	1416672.333	28.238	6050070.095
61	68.237	1366873.783	1476115.304	1687183.000	1687183.000	26.565	5529742.739
62	69.251	1223386.333	1903078.333	941576.556	941576.556	29.222	5451900.889
63	70.327	1714168.643	1331772.786	987716.286	987716.286	114.714	5844847.429
64	71.377	1489835.300	966847.300	1618756.750	1618756.750	270.500	5436555.850
65	72.581	962438.833	1462312.250	1434722.833	1434722.833	17.833	5027365.583
66	73.658	1151436.533	1702239.867	1103285.533	1103285.533	9.333	5732008.600
67	74.757	1734846.500	1202082.800	1390255.100	1390255.100	34.300	6282724.400
68	75.813	1386554.429	1257103.048	1776280.048	1776280.048	8.524	5955897.333
69	76.820	1070620.786	1795997.429	1692559.000	1692559.000	12.571	5891746.143
70	77.872	1715873.625	1742098.750	1101125.062	1101125.062	38.625	5975424.812
71	78.915	1812128.667	1178674.467	1459710.133	1459710.133	39.267	5780858.733
72	79.944	1305569.050	1400214.850	1245940.800	1245940.800	39.900	5325326.450
73	80.984	1331860.800	1194819.800	1486076.100	1486076.100	36.400	5069054.800
74	82.034	1318798.652	1379655.304	1108437.826	1108437.826	23.609	5286098.870
75	83.063	1408796.769	1010547.769	1552420.308	1552420.308	32.538	5119665.154
76	84.591	1162767.222	1402076.167	1119860.667	1119860.667	36.611	5049892.278
77	85.623	1370430.083	1183476.875	1335809.542	1335809.542	40.875	5424801.208
78	86.632	1086517.000	1287215.778	1590834.667	1590834.667	39.000	5283152.222
79	87.676	1213034.864	1501052.545	1319022.409	1319022.409	38.409	5472545.545
80	88.751	1518784.905	1284737.190	1371327.095	1371327.095	27.143	5017707.286
81	89.763	1236665.857	1509297.714	730352.714	730352.714	47.429	4750971.929
82	91.366	1468826.000	814086.684	1111799.158	1111799.158	44.684	4751463.158
83	92.547	830930.217	1132671.130	1329913.783	1329913.783	193.261	4823891.478
84	93.567	1143543.444	1282720.278	1516390.111	1516390.111	363.000	5125620.833
85	94.596	1361589.280	1415190.160	1120416.840	1120416.840	42.600	4878261.080
86	95.602	1350145.700	1154031.000	886700.300	886700.300	38.850	4398494.150
87	96.607	1143126.773	878627.818	966354.818	966354.818	37.955	3967047.182
88	97.702	848419.143	979889.857	929637.857	929637.857	31.714	3768142.095
89	98.807	885790.125	1047049.125	954794.375	954794.375	41.750	4219527.000
90	100.163	1033442.043	893237.652	1149466.565	1149466.565	16.957	4732917.217
91	101.235	848022.538	990105.077	1832157.538	1832157.538	673.000	5062215.769
92	102.423	962188.545	1651659.545	1153831.636	1153831.636	34.091	5767086.455
93	103.714	1051225.250	1710533.167	1486558.250	1486558.250	38.000	6241680.750
94	104.724	1839610.455	1123636.545	1913866.909	1913866.909	154.727	6947355.909
95	105.765	1385954.429	1689744.143	1920040.071	1920040.071	32.857	7173673.071
96	106.845	1442959.353	1894196.235	2096007.000	2096007.000	30.882	6826204.471
97	108.299	1877227.000	2080046.353	1478932.353	1478932.353	40.882	6700584.529
98	109.306	2052665.850	1555307.950	1164579.000	1164579.000	236.100	6485200.500
99	110.343	1472388.583	1240228.458	1547441.208	1547441.208	11.292	5214528.625
100	111.609	1252296.316	1558626.579	892075.789	892075.789	31.368	4721447.895
101	112.688	1464693.739	902404.000	1004171.739	1004171.739	38.739	4572981.391
102	113.788	906079.520	1046353.360	1118029.560	1118029.560	43.120	3960164.960
103	114.802	1016416.214	1119186.143	819084.857	819084.857	48.071	4174525.357
104	115.837	1190751.222	999544.889	854716.556	854716.556	31.778	4762830.556
105	117.638	1106662.400	887134.200	1105354.000	1105354.000	42.600	5629676.000
106	118.817	1012192.474	849095.684	1610278.105	1610278.105	34.842	6425235.211
107	119.831	853579.286	1625307.667	2834664.714	2834664.714	62.143	6521642.667
108	121.164	1449751.154	3073777.000	1200742.308	1200742.308	41.154	6971769.923
109	122.251	2684695.471	1719499.353	1030616.824	1030616.824	34.647	7244768.882
110	123.361	1836270.714	1060691.095	1686412.476	1686412.476	16.000	5825783.048
111	124.511	1010926.000	1715775.833	1237791.556	1237791.556	23.611	4995783.278
112	125.561	1676257.143	1275894.786	977798.357	977798.357	20.571	5490977.857
113	126.649	1424668.176	1091883.529	1298790.353	1298790.353	19.176	5277128.059
114	127.911	1209077.444	946409.000	1577313.778	1577313.778	11.778	5448737.000
115	129.301	1028377.200	1441028.500	1323739.900	1323739.900	32.500	6043651.000
116	130.315	1128930.111	1451467.000	1835453.389	1835453.389	46.667	6585530.333
117	131.365	1529202.000	1659037.667	2256856.200	2256856.200	29.067	6819218.400
118	132.418	1463462.375	2271451.500	1427184.312	1427184.312	33.438	6528947.562
119	133.433	2094151.000	1752027.333	1322602.417	1322602.417	43.500	6747340.667
120	134.667	2317472.200	1247674.400	1277342.000	1277342.000	31.700	6940894.600
121	135.795	1559504.769	1287544.000	1607050.538	1607050.538	34.000	6370974.769
122	136.811	1283371.882	1446631.000	1967504.294	1967504.294	41.000	6379132.706
123	137.987	1305480.200	2013292.333	1594970.467	1594970.467	21.267	6348369.933
124	139.172	1817644.000	1684643.818	1592674.000	1592674.000	35.545	6857249.545
125	140.210	1866832.294	1634170.412	1433512.471	1433512.471	41.765	6738593.765
126	141.939	1642315.450	1412466.700	1742236.450	1742236.450	479.000	5893427.400
127	143.137	1349038.294	1805266.941	1021356.059	1021356.059	86.882	6011412.059
128	144.216	1745640.857	1299320.857	1426947.857	1426947.857	32.571	6768418.571
129	145.274	1729627.688	953678.062	1909035.375	1909035.375	46.125	6810654.875
130	146.402	1026789.750	1790365.438	2162670.438	2162670.438	47.188	6316286.750
131	147.439	1433879.400	2096840.400	1603756.900	1603756.900	29.700	6877719.400
132	148.607	1937250.947	1956226.053	1409551.421	1409551.421	23.105	6856371.105
133	149.756	1991683.421	1377095.842	1539952.474	1539952.474	33.789	6382224.684
134	151.024	1345711.000	1584823.158	1390185.105	1390185.105	42.895	5436307.632
135	152.074	1498668.250	1288943.821	1117823.000	1117823.000	96.929	4993873.393
136	153.102	1403705.214	1070426.214	1088894.071	1088894.071	43.786	4660065.143
137	154.109	1003040.556	1177373.278	896434.833	896434.833	33.444	4443029.722
138	155.153	1223751.375	811522.938	1332155.312	1332155.312	35.062	4614017.625
139	156.607	834363.154	1269834.077	1145099.308	1145099.308	29.769	4495574.692
140	157.668	1116284.389	1205561.722	1192079.500	1192079.500	40.278	5444689.722
141	158.889	1253753.133	1223155.200	1720109.467	1720109.467	40.067	5637242.067
142	160.098	1192085.643	1443850.214	1623191.643	1623191.643	40.786	5794089.643
143	161.122	1311376.611	1727434.500	1388372.278	1388372.278	45.889	6174654.222
144	162.368	1626049.269	1465472.231	1557905.538	1557905.538	44.192	5606368.692
145	163.402	1536060.957	1418917.739	881258.609	881258.609	35.696	5018426.478
146	164.423	1155265.375	995236.844	1036177.875	1036177.875	41.594	3946868.281
147	165.450	1106815.095	925266.381	648123.476	648123.476	40.333	3424608.571
148	166.474	952929.182	702725.909	565330.455	565330.455	40.091	3683187.364
149	167.517	817400.500	562919.571	986780.357	986780.357	31.643	4065899.786
150	168.750	601080.667	765608.800	1623210.400	1623210.400	49.000	4341199.467
151	169.808	771413.583	1528503.792	1391673.958	1391673.958	30.083	5038299.875
152	170.891	1523146.033	1351839.200	1127092.367	1127092.367	38.867	4822620.167
153	171.913	1330897.038	949779.962	738981.423	738981.423	48.923	3819231.846
154	172.919	867718.389	710216.111	779990.944	779990.944	48.389	3314633.667
155	174.009	706374.565	778792.522	911579.348	911579.348	36.609	3436822.304
156	175.151	786361.350	919536.800	986388.200	986388.200	37.100	3843093.800
157	176.245	958406.882	1013740.471	1034155.676	1034155.676	99.794	3771142.441
158	177.253	984588.000	1045441.733	639515.533	639515.533	45.867	3623125.933
159	178.278	970974.467	673826.267	940137.933	940137.933	30.267	3630339.900
160	179.295	571070.364	999299.364	1062109.273	1062109.273	46.273	3625931.818
161	180.378	782103.556	1161639.722	817327.056	817327.056	49.000	4179595.722
162	181.466	1107492.042	885002.625	1312199.708	1312199.708	48.417	4434097.833
163	182.572	784020.900	1397059.900	1125364.100	1125364.100	50.200	4507904.500
164	183.734	1188806.789	1196732.684	1048695.105	1048695.105	47.211	4940621.789
165	184.991	1203678.684	1041840.474	1443892.368	1443892.368	47.316	5031921.211
166	186.089	1048820.000	1420898.476	1283085.381	1283085.381	44.333	4985634.238
167	187.140	1469892.267	1313475.400	1141590.267	1141590.267	49.000	5150450.800
168	188.215	1280377.857	1223431.143	1191136.571	1191136.571	47.143	5208090.143
169	189.258	1245677.917	1124310.875	1375483.125	1375483.125	50.167	5375808.708
170	190.287	1128230.000	1235929.444	1826539.778	1826539.778	45.000	5373970.667
171	191.301	1185567.091	1694263.409	1201188.091	1201188.091	48.909	5545481.636
172	192.334	1726144.048	1176756.762	1384507.952	1384507.952	32.619	5384490.810
173	193.412	1084165.824	1445824.529	1066524.353	1066524.353	39.294	4805352.412
174	194.464	1474905.176	1055759.941	1136471.000	1136471.000	31.059	4921833.353
175	195.497	1103142.333	1080969.333	1166215.000	1166215.000	584.133	4617917.933
176	196.522	1024418.286	1205257.429	1206690.857	1206690.857	42.357	5109215.500
177	197.533	1192781.714	1175480.000	1484331.429	1484331.429	44.619	4896772.714
178	198.903	1170828.417	1423908.750	1044226.250	1044226.250	283.583	4829562.000
179	199.941	1196153.857	1474544.857	945073.714	945073.714	29.000	5653587.286
180	200.956	1641240.700	780074.300	1441281.900	1441281.900	442.200	5989507.800
181	202.024	1092823.526	1182401.737	2015975.579	2015975.579	47.211	5913335.316
182	203.183	997446.385	1991832.077	1710364.923	1710364.923	43.385	5794833.846
183	204.285	1869144.720	1744821.960	1186621.400	1186621.400	396.120	6170285.280
184	205.510	1758809.750	997992.000	1476344.833	1476344.833	41.583	5508631.833
185	206.528	1357427.455	1364334.091	1016762.182	1016762.182	27.636	5674356.455
186	207.581	1090091.867	1316869.400	1470129.267	1470129.267	27.267	5586196.600
187	209.131	1441439.647	1241771.471	1758397.824	1758397.824	12.059	5909690.824
188	210.262	1174293.750	1766963.600	1389642.500	1389642.500	51.750	6160956.750
189	211.344	1721981.783	1449788.304	1678843.087	1678843.087	35.739	5902410.174
190	212.581	1395783.667	1768182.800	1017854.000	1017854.000	36.600	5488094.000
191	213.595	1705109.500	1142119.000	1091523.786	1091523.786	221.857	5548012.571
192	214.878	1361362.647	1006262.235	1463624.529	1463624.529	47.000	5245547.941
193	215.947	960791.167	1341697.167	1442873.917	1442873.917	36.750	5643446.000
194	216.979	1246109.136	1494461.455	1604512.864	1604512.864	36.409	5655042.227
195	218.056	1543709.077	1457525.077	1374739.154	1374739.154	39.615	5529481.385
196	219.071	1299660.786	1750463.000	1001627.000	1001627.000	28.571	5578393.071
197	220.173	1764864.947	1022323.789	1332427.526	1332427.526	36.316	5597334.368
198	221.499	1050082.091	1218230.636	1488078.727	1488078.727	35.727	5242906.455
199	222.584	1123694.950	1462388.150	1359797.000	1359797.000	120.200	5695644.050
200	223.690	1461085.200	1356423.250	1694446.700	1694446.700	254.950	5664435.900
201	224.770	1288904.533	1769984.200	1115396.000	1115396.000	36.267	5608334.200
202	225.816	1712561.650	1198416.600	1283518.900	1283518.900	45.700	5524242.600
203	226.842	1175307.391	1290936.696	1243246.043	1243246.043	50.739	4655599.609
204	227.921	1302818.231	1313437.385	876378.769	876378.769	86.538	4728547.846
205	229.013	1327009.200	936502.100	1067035.600	1067035.600	41.900	4516913.800
206	230.213	932278.368	1057237.105	1138661.263	1138661.263	28.947	4339406.737
207	231.255	979825.643	1234237.357	1110375.071	1110375.071	39.429	4944718.214
208	232.372	1257300.867	1040791.600	1371794.533	1371794.533	32.267	5264584.067
209	233.408	1000371.167	1188146.167	1658985.667	1658985.667	46.667	5194071.583
210	234.540	1136051.100	1504685.300	1427613.100	1427613.100	44.500	6079947.300
211	235.723	1345792.350	1535721.550	1573281.250	1573281.250	43.300	6044673.150
212	236.877	1503743.609	1640372.565	1491641.174	1491641.174	33.522	5883882.739
213	237.936	1570454.333	1469567.600	1261338.533	1261338.533	35.133	5451166.267
214	239.005	1573979.810	1240714.952	1075812.143	1075812.143	37.524	5179872.571
215	240.058	1259598.667	996586.533	1303455.933	1303455.933	42.467	4918328.067
216	241.123	1039732.250	1289671.812	1205757.625	1205757.625	35.375	4867309.188
217	242.236	1235249.667	1224136.952	1283142.476	1283142.476	35.571	5090233.143
218	243.368	1215741.571	1295763.952	1287077.524	1287077.524	28.667	4871408.095
219	244.534	1266785.125	1343064.125	1017113.125	1017113.125	332.688	4785398.375
220	245.614	1425819.000	930445.583	1073564.667	1073564.667	8.250	5026412.417
221	246.950	1099436.071	1093125.643	1220828.714	1220828.714	14.571	5183833.500
222	248.149	1043383.375	1136955.625	1659487.188	1659487.188	32.438	5628582.062
223	249.274	1055207.273	1549317.727	1718120.273	1718120.273	42.545	6025819.818
224	250.388	1398267.762	1681679.905	1667302.667	1667302.667	25.571	6457551.333
225	251.400	1668788.217	1703882.739	1576422.000	1576422.000	38.304	5993991.696
226	252.689	1781620.875	1650683.875	1090882.000	1090882.000	59.250	5622645.500
227	253.731	1657451.000	1424739.000	917714.917	917714.917	31.083	6012110.167
228	255.002	1574569.412	1010877.706	1433459.059	1433459.059	49.000	6110738.471
229	256.022	1026688.000	1224916.294	2110438.176	2110438.176	44.294	5752600.471
230	257.044	1058894.529	2158924.706	1389391.412	1389391.412	46.353	6112286.353
231	258.063	2127533.526	1449751.263	1406542.474	1406542.474	46.632	6103401.895
232	259.087	1440668.381	1391340.381	1078465.333	1078465.333	45.714	4880913.286
233	260.100	1358055.077	1120773.692	985698.462	985698.462	40.462	4583605.846
234	261.233	1245160.550	967742.100	973758.200	973758.200	38.700	4668384.800
235	262.335	965819.250	885850.250	1526015.500	1526015.500	297.333	4465183.083
236	263.454	906510.400	1352723.250	1107366.100	1107366.100	52.350	4976029.600
237	264.784	1358416.636	1147395.318	1514383.318	1514383.318	42.273	5141222.727
238	266.268	1046423.267	1575445.867	1074321.600	1074321.600	39.533	5188675.400
239	267.382	1478161.562	1140586.250	1256985.688	1256985.688	51.938	5831980.500
240	268.741	1335520.583	1133189.083	1779604.333	1779604.333	40.417	6209687.167
241	269.753	1072241.444	1591980.389	1866528.944	1866528.944	46.111	6283488.333
242	270.885	1583947.727	1835799.682	1683461.591	1683461.591	44.364	6048370.818
243	272.014	1876338.438	1769932.000	836858.500	836858.500	48.812	5827480.250
244	273.220	1898415.692	1022399.231	1128990.846	1128990.846	50.769	5622837.923
245	274.340	1268096.471	932229.000	1427213.765	1427213.765	38.529	5518681.353
246	275.602	879983.895	1417791.053	1794197.947	1794197.947	31.368	5209553.632
247	276.762	1394808.800	1823749.400	1142069.533	1142069.533	44.933	5870862.267
248	277.845	1709342.412	1315284.353	1258606.176	1258606.176	45.235	5855158.529
249	278.864	1471353.176	1145089.941	1544771.941	1544771.941	44.176	5577838.647
250	280.011	1121578.952	1533877.524	1351591.714	1351591.714	36.857	4954157.762
251	281.088	1564829.235	1360743.706	933564.412	933564.412	42.882	5171126.412
252	282.113	1337059.250	1037925.125	1124087.188	1124087.188	40.062	4939411.312
253	283.152	1097768.143	1056777.190	1391453.952	1391453.952	48.333	4800572.190
254	284.179	1023720.000	1380149.867	1196274.400	1196274.400	54.133	4779050.533
255	285.247	1342921.818	1356940.273	1081096.727	1081096.727	24.909	5285916.000
256	286.268	1334391.833	1150472.333	1174578.917	1174578.917	28.000	5729649.167
257	287.376	1218442.524	1122348.190	1791665.095	1791665.095	45.571	5451664.000
258	288.417	1152225.130	1813317.478	1208300.696	1208300.696	46.870	5151274.435
259	289.433	1874508.133	1157261.800	939064.933	939064.933	42.867	5315889.267
260	290.842	1919239.750	997518.250	828916.250	828916.250	45.000	5523153.250
261	291.882	1121775.250	939971.833	1474693.625	1474693.625	48.250	5456370.167
262	292.890	906340.053	1523371.158	1832199.316	1832199.316	54.474	5349357.737
263	293.899	1396917.889	1964882.444	1017735.611	1017735.611	41.722	5520582.500
264	294.987	2105172.750	964710.938	1058123.000	1058123.000	36.875	5382882.562
265	296.099	1082246.438	1059977.500	1184479.688	1184479.688	47.125	4688003.250
266	297.186	1078781.360	1171706.000	1302703.680	1302703.680	38.240	4771163.880
267	298.275	1175826.333	1295797.800	1243076.467	1243076.467	33.067	4860903.667
268	299.290	1271277.278	1305228.444	974691.500	974691.500	37.111	4858736.778
269	300.320	1333527.900	835973.800	1326671.600	1326671.600	45.900	4929637.500
270	301.485	1160892.429	1168286.571	1182503.643	1182503.643	41.714	5213824.357
271	302.500	1015217.611	1237624.278	1531873.611	1531873.611	42.778	5398376.000
272	303.567	1289153.273	1417634.909	1701335.182	1701335.182	51.727	5722994.727
273	304.855	1360827.704	1606026.667	1356642.222	1356642.222	47.222	5562154.259
274	305.898	1637759.333	1297338.611	1135066.889	1135066.889	44.556	5198073.611
275	307.305	1280745.294	1229492.000	991061.235	991061.235	34.000	4890300.765
276	308.440	1197870.826	1005725.174	1338743.261	1338743.261	37.783	4992962.522
277	309.468	1072637.682	1351583.364	1347631.000	1347631.000	27.818	4709734.909
278	310.527	1262417.333	1486937.750	854060.083	854060.083	40.750	4827547.250
279	311.639	1478461.786	1018123.786	954550.643	954550.643	30.357	5240980.643
280	312.654	1181185.333	883432.333	1555775.444	1555775.444	33.111	5188661.222
281	313.710	867882.389	1464795.556	1573763.111	1573763.111	44.056	5082029.056
282	314.722	1165946.400	1817050.000	1167038.500	1167038.500	44.900	5500813.500
283	315.982	1667799.273	1363302.909	1111553.545	1111553.545	45.545	5972130.909
284	317.051	1639526.125	1136305.625	1419376.250	1419376.250	47.000	6194129.688
285	318.141	1182908.571	1237956.071	1955788.214	1955788.214	52.857	5882137.357
286	319.152	1176887.105	1855623.105	1558893.842	1558893.842	48.105	5931613.000
287	320.335	1827407.647	1593677.588	1315566.000	1315566.000	42.529	6111942.941
288	321.488	1695908.118	1341141.647	1264666.059	1264666.059	340.235	5648012.059
289	322.517	1295244.148	1298557.074	1308312.741	1308312.741	44.741	4977212.667
290	323.708	1304933.812	1275767.688	991916.125	991916.125	51.750	4561450.500
291	324.800	1286430.333	1110904.333	846661.667	846661.667	48.167	4965785.333
292	325.815	1233363.500	892315.250	1245014.375	1245014.375	42.125	5082208.375
293	326.848	943771.538	950635.846	1828839.615	1828839.615	43.462	5229562.615
294	327.907	846854.250	1588228.000	1391603.625	1391603.625	49.125	5486776.250
295	329.430	817405.833	1863824.333	1415911.000	1415911.000	52.000	6507232.667
296	330.447	1519463.650	1517586.850	1695406.850	1695406.850	42.950	7401467.200
297	331.562	1508251.429	1760707.905	2540003.524	2540003.524	45.714	6838099.524
298	332.614	1632516.118	2685822.000	960076.941	960076.941	42.118	6445140.059
299	333.670	2781368.000	1021701.235	1136209.353	1136209.353	27.647	6262035.765
300	334.675	1181836.632	1131420.316	1205196.579	1205196.579	88.789	4746671.737
301	335.697	1094663.417	1228874.667	1192657.500	1192657.500	36.875	4616927.875
302	336.710	1251733.941	1132147.706	1094035.059	1094035.059	29.706	4496310.294
303	337.826	1170029.333	1190815.200	843685.667	843685.667	46.533	4482954.333
304	338.869	1106468.423	920908.038	1218255.231	1218255.231	49.654	4330423.077
305	340.012	618715.250	1173016.250	1327696.250	1327696.250	44.500	4289624.250
306	341.036	999855.933	1248593.867	882339.467	882339.467	32.200	5245741.600
307	342.114	1198613.562	1071696.312	1638692.000	1638692.000	49.688	5452057.250
308	343.122	1237484.769	1118813.308	1830480.692	1830480.692	54.308	5557819.923
309	344.144	823794.062	2109156.875	1225123.375	1225123.375	36.938	5795594.375
310	345.168	2070674.222	1201384.722	1533982.278	1533982.278	39.444	6069624.556
311	346.325	1264292.952	1501123.048	1247519.762	1247519.762	41.524	5123706.238
312	347.355	1493247.500	1267880.688	1079281.188	1079281.188	36.875	5165813.125
313	348.554	1391557.867	1081256.533	1155708.067	1155708.067	45.800	5096857.133
314	349.717	1106820.625	1038294.625	1414470.125	1414470.125	39.500	5444155.000
315	351.507	1077568.733	1209880.933	1403411.933	1403411.933	34.067	5887999.333
316	352.531	1045655.200	1461057.000	1836201.600	1836201.600	47.400	7444943.800
317	353.800	1174615.917	1358040.333	2111115.083	2111115.083	32.583	7621219.833
318	354.832	1423627.455	1817270.273	2641346.545	2641346.545	47.545	8371127.091
319	355.882	1463845.467	2233526.133	2820568.667	2820568.667	39.667	8603169.200
320	356.901	2064227.000	2897551.000	2063892.364	2063892.364	935.909	8714796.818
321	357.948	2642502.864	2376687.727	1727533.864	1727533.864	8.500	8021886.000
322	359.001	2496290.500	1732413.000	1515889.600	1515889.600	8.000	6973687.500
323	360.044	2077591.000	1553324.500	954149.214	954149.214	9.429	6232854.214
324	361.155	1643576.923	1233890.692	1356536.462	1356536.462	8.154	5858292.462
325	362.430	1369063.938	1139680.938	1581915.250	1581915.250	19.500	5716296.000
326	363.536	1073319.600	1568644.850	1559114.550	1559114.550	43.650	5790088.400
327	364.573	1567152.263	1562288.474	1548778.263	1548778.263	47.632	5857067.632
328	365.642	1633392.143	1500995.786	1143931.143	1143931.143	49.000	5586320.429
329	366.699	1494028.909	1441594.182	1100803.273	1100803.273	41.636	5714726.273
330	367.705	1451501.727	1105442.545	1328482.545	1328482.545	58.273	5883302.727
331	368.771	1247297.222	1209195.111	1773212.444	1773212.444	48.778	5734510.889
332	369.827	1185785.421	1718434.105	1509824.895	1509824.895	51.474	5624667.316
333	370.932	1697156.050	1524436.500	1156018.600	1156018.600	45.950	5569861.900
334	371.943	1544493.526	1146508.789	1143278.316	1143278.316	46.211	4996992.000
335	373.015	1144981.818	1141230.455	1105589.273	1105589.273	49.636	4387414.455
336	374.095	1112652.417	1079554.167	941147.750	941147.750	40.000	4503082.083
337	375.147	1091925.154	1096646.923	979275.385	979275.385	37.846	4831156.462
338	376.179	1110667.000	929349.684	1541549.316	1541549.316	32.316	5085979.947
339	377.250	917562.389	1495264.833	1475591.056	1475591.056	34.111	4967527.389
340	378.282	1451474.619	1488371.190	1050987.857	1050987.857	37.238	5185966.048
341	379.289	1535568.667	1033037.667	1167373.000	1167373.000	42.583	4940577.417
342	380.326	1143872.571	1124569.762	1128437.190	1128437.190	30.857	4798044.095
343	381.391	1094600.538	1030011.077	1446829.538	1446829.538	34.154	4605071.923
344	382.423	1111223.353	1349491.706	1012067.529	1012067.529	40.882	4801900.882
345	383.828	1208996.133	1211952.933	1216258.867	1216258.867	46.533	5067950.133
346	384.881	1291351.895	1092845.053	1338495.421	1338495.421	49.158	5568959.105
347	385.933	1080985.632	1318540.789	1781049.211	1781049.211	54.684	5340892.684
348	387.210	1307764.125	1850794.875	1262432.125	1262432.125	52.500	6158818.250
349	388.474	1316378.923	1706290.769	1057655.462	1057655.462	54.615	6325757.923
350	389.483	1787845.059	1107591.412	1930719.000	1930719.000	46.118	6682273.941
351	390.503	1269464.583	1574368.417	2021795.167	2021795.167	41.833	6327613.833
352	391.511	1586391.821	1940447.214	1445036.571	1445036.571	31.643	6057412.036
353	392.752	1979766.429	1375478.643	1012698.286	1012698.286	43.357	5364321.500
354	393.805	1452621.333	1322705.167	776035.250	776035.250	38.667	5190512.000
355	394.846	1260287.542	796431.708	1412431.167	1412431.167	48.458	4901478.708
356	396.095	729512.125	1259644.125	1515141.875	1515141.875	42.625	4676377.375
357	397.367	814452.636	1678357.455	1179825.909	1179825.909	58.818	5580219.091
358	398.426	1311141.692	1478156.462	1243687.000	1243687.000	42.462	6418815.231
359	399.451	1568730.789	1167435.421	2143835.579	2143835.579	39.474	6528479.158
360	400.470	1264160.625	2099597.875	1525138.542	1525138.542	157.708	5826184.333
361	401.515	2165056.190	1405118.286	881466.143	881466.143	29.286	5589108.524
362	402.521	1338732.864	874747.227	1087453.864	1087453.864	49.000	4280636.318
363	403.533	848186.526	1111990.789	926947.211	926947.211	44.789	3844740.789
364	404.581	1123476.800	904301.867	880650.667	880650.667	483.667	4028454.267
365	405.754	933087.786	910089.714	1042702.214	1042702.214	52.500	4327616.500
366	406.838	942874.375	967355.500	1190941.500	1190941.500	125.312	4570107.875
367	407.986	910358.647	1124706.647	1470750.059	1470750.059	42.000	4826039.353
368	409.445	1132125.091	1436080.682	1321486.318	1321486.318	49.818	5497232.091
369	410.539	1646628.667	1335885.444	1491016.556	1491016.556	47.778	6191093.111
370	411.604	1299819.111	1388384.500	1539678.500	1539678.500	45.056	5987516.833
371	412.913	1364681.632	1516033.789	1752939.526	1752939.526	41.000	5853198.947
372	413.983	1597237.111	1599674.815	1218653.296	1218653.296	48.222	5551152.111
373	415.077	1477988.000	1245622.227	994993.682	994993.682	42.455	4723533.273
374	416.170	1238554.105	962760.842	979114.158	979114.158	49.263	4197409.368
375	417.211	996853.278	972211.667	923926.444	923926.444	49.500	4244861.389
376	418.439	910949.818	867972.273	1253747.455	1253747.455	39.818	4352591.091
377	419.575	948262.267	1066209.267	1286359.733	1286359.733	49.533	5015258.000
378	420.604	1062088.250	1280018.625	1589058.208	1589058.208	46.417	5382920.208
379	421.629	1264256.105	1657711.421	1334062.158	1334062.158	44.158	5181879.105
380	422.690	1642224.714	1335534.476	884050.476	884050.476	41.048	4845105.571
381	423.829	1305481.500	880246.350	950118.350	950118.350	54.550	4366816.800
382	424.842	836623.000	1016356.500	1123702.125	1123702.125	52.125	4312558.875
383	425.852	874776.100	897360.100	1233594.400	1233594.400	49.700	5054682.000
384	426.872	979269.176	1144419.588	1443766.412	1443766.412	36.941	5498423.471
385	428.057	1059455.235	1293396.941	2039585.353	2039585.353	27.647	5563740.529
386	429.546	1196058.556	2161015.444	1185787.111	1185787.111	54.444	6070506.222
387	430.593	1666170.111	1653742.722	1197769.889	1197769.889	45.000	6885882.944
388	432.155	1890831.000	1139451.000	2241118.867	2241118.867	401.267	6620205.400
389	433.194	1088242.000	1763121.455	1774121.000	1774121.000	51.636	6858561.000
390	434.310	1198738.818	2301496.636	1253466.091	1253466.091	43.273	7298759.364
391	435.445	1919036.200	1605404.700	2217805.400	2217805.400	42.500	7743674.600
392	436.505	1991186.211	1712411.263	2180746.211	2180746.211	34.421	7581531.895
393	437.547	1154738.286	2495270.857	1878667.571	1878667.571	45.571	7202347.571
394	438.724	1955765.538	2015287.846	1543737.154	1543737.154	34.769	7563329.308
395	439.745	2256739.688	1732838.875	1772677.375	1772677.375	46.562	7704566.438
396	440.773	1856996.583	1494692.083	2057464.833	2057464.833	40.917	6918820.083
397	441.823	1553919.000	1966188.000	1620958.200	1620958.200	37.900	7052590.700
398	442.999	1612261.154	1995490.154	1423852.231	1423852.231	41.308	6806908.077
399	444.254	2022338.056	1462447.056	1797540.889	1797540.889	45.556	6918401.278
400	445.317	1479814.400	1774662.000	1568741.300	1568741.300	48.950	6084581.500
401	446.355	1807350.471	1564394.176	1197271.000	1197271.000	50.353	5939196.118
402	447.365	1565038.867	1267701.933	1327891.267	1327891.267	50.600	5361731.400
403	448.743	1431564.600	1246517.867	1174629.267	1174629.267	53.867	5316381.067
404	449.796	1238372.333	1214903.208	1380857.542	1380857.542	59.250	5220661.667
405	450.822	1164020.579	1419071.842	1289222.474	1289222.474	40.737	4998629.263
406	451.836	1328264.286	1403470.643	1067576.286	1067576.286	49.000	5094363.143
407	452.967	1400947.750	1073736.625	1207189.167	1207189.167	37.417	4794901.542
408	454.017	1040321.750	1201926.125	1065485.062	1065485.062	39.188	4350357.625
409	455.043	1106827.846	1260676.692	876879.538	876879.538	46.846	4976064.077
410	456.069	1318027.400	835206.333	1381488.067	1381488.067	45.200	4941736.733
411	457.120	946871.714	1062675.929	1544411.357	1544411.357	50.071	5082728.214
412	458.187	908849.071	1684220.571	1216723.929	1216723.929	37.357	5462906.571
413	459.217	1519904.944	1251008.944	1615524.611	1615524.611	41.056	5665529.167
414	460.271	1301931.938	1547686.500	1355213.438	1355213.438	42.562	5622069.375
415	461.279	1457816.059	1505095.412	1220795.176	1220795.176	41.000	5553669.647
416	462.518	1635917.364	1073855.455	1401621.818	1401621.818	50.091	5486479.545
417	463.552	1204892.095	1375416.286	1269280.333	1269280.333	50.619	5515393.714
418	464.724	1365650.238	1286737.190	1584553.667	1584553.667	49.810	5090223.619
419	465.795	1180904.846	1754246.231	730679.538	730679.538	51.692	5208647.846
420	466.873	1595482.733	999427.600	1172108.400	1172108.400	47.867	5176257.267
421	468.187	1155034.286	1063143.524	1410761.190	1410761.190	49.286	5102737.429
422	469.260	805446.500	1534459.500	1477781.400	1477781.400	39.800	5239008.300
423	470.281	1429430.667	1332343.067	1291909.200	1291909.200	49.467	5862095.333
424	471.444	1304533.583	1452779.667	1660309.000	1660309.000	48.917	6119435.750
425	472.457	1458068.188	1373576.750	1618935.562	1618935.562	215.750	6299493.812
426	473.807	1378751.650	1653997.450	1771428.750	1771428.750	37.500	6007908.950
427	475.018	1699260.000	1827279.400	1321411.200	1321411.200	30.600	6728844.300
428	476.072	1679360.889	1558024.556	1320410.167	1320410.167	51.278	6429486.944
429	477.506	1609886.526	1265285.579	1855809.368	1855809.368	41.263	5809399.158
430	478.708	1292707.429	1828158.238	1039279.952	1039279.952	208.000	5704803.667
431	479.811	2074826.385	997952.846	1533568.846	1533568.846	46.308	5926009.000
432	480.862	1155743.941	1340360.765	1260190.529	1260190.529	42.000	5357399.941
433	481.899	1075180.167	1403369.167	1582358.667	1582358.667	43.750	5476785.833
434	482.940	1469109.316	1400899.421	1403484.842	1403484.842	50.421	5715595.684
435	483.957	1348425.529	1404174.882	1445673.059	1445673.059	48.882	5499708.529
436	485.004	1431863.105	1452657.263	1215467.684	1215467.684	37.421	5215998.421
437	486.109	1534493.600	1083187.800	1208450.900	1208450.900	42.400	5386428.500
438	487.364	1224469.154	1202297.654	1341637.423	1341637.423	39.769	5153538.769
439	488.437	1251873.600	1344162.333	1335381.333	1335381.333	42.867	5110614.467
440	489.461	937639.000	1764485.600	813618.400	813618.400	41.600	5583455.200
441	490.595	1392450.000	1273001.941	1182134.529	1182134.529	43.176	5933314.882
442	491.662	1721964.857	892881.429	2031930.571	2031930.571	57.571	6340512.714
443	492.720	1047343.708	1585834.083	1894198.250	1894198.250	40.667	6085112.417
444	493.735	1572821.000	1872082.571	1617020.143	1617020.143	51.643	6183676.786
445	495.130	1880979.957	1622527.130	1064015.043	1064015.043	59.043	5815138.696
446	496.159	1700993.600	985298.000	1275009.467	1275009.467	90.200	5327277.933
447	497.322	1073834.900	1275798.000	1103490.900	1103490.900	517.500	5228031.900
448	498.379	1047469.750	1217654.667	1351898.583	1351898.583	38.750	5651928.167
449	499.392	1297300.222	1151613.000	1698466.333	1698466.333	41.222	6089423.667
450	500.467	1186879.125	1569537.667	1939002.750	1939002.750	41.083	6339753.333
451	501.513	1568866.562	1906730.562	1675642.562	1675642.562	128.000	6152445.125
452	502.532	1933317.333	1880151.600	848181.867	848181.867	43.400	5950321.733
453	503.576	1950115.545	1061988.727	1238340.364	1238340.364	53.545	6025569.364
454	504.595	1518814.750	1018765.688	1393213.000	1393213.000	149.250	5413923.375
455	505.614	920249.889	1333856.556	1522544.667	1522544.667	49.389	5151797.722
456	506.774	1257652.909	1712014.818	1255689.364	1255689.364	47.091	5588096.000
457	507.938	1513853.250	1277233.750	1294111.000	1294111.000	326.000	5946140.062
458	509.007	1360374.476	1299293.429	1699223.810	1699223.810	46.000	5689476.190
459	510.194	1329921.240	1690062.520	1188814.400	1188814.400	83.000	5148289.840
460	511.325	1863960.500	1148778.125	896659.375	896659.375	38.750	5090833.875
461	512.347	1456992.579	999590.000	933540.211	933540.211	36.684	5294117.947
462	513.385	991484.045	972926.364	1785336.182	1785336.182	47.682	4834198.318
463	514.407	1054400.545	1751978.455	993961.318	993961.318	40.545	4819137.500
464	515.462	1814578.389	989923.556	977616.944	977616.944	46.222	4699211.389
465	516.544	1011722.556	950189.833	882303.556	882303.556	47.333	4167069.000
466	517.625	940663.550	900644.600	1229976.900	1229976.900	48.450	4233330.450
467	518.680	898313.947	1229194.158	1105222.632	1105222.632	46.632	4429055.000
468	519.838	1065288.333	1179608.000	1118085.583	1118085.583	46.750	4652514.333
469	520.883	1202390.840	1104568.280	1257268.640	1257268.640	38.360	4856210.920
470	521.945	1108423.875	1205307.125	1284313.000	1284313.000	43.875	4705183.688
471	523.008	1267290.962	1207882.269	1058892.577	1058892.577	40.000	4591758.885
472	524.015	1132978.900	1119606.500	954793.300	954793.300	48.250	4164603.800
473	525.019	1021943.000	1071125.273	866559.818	866559.818	35.455	4292319.545
474	526.050	1170623.250	823252.938	1018623.500	1018623.500	47.688	4570124.500
475	527.067	841378.667	1014791.667	1478572.571	1478572.571	33.571	4570142.714
476	528.191	884017.200	1496135.400	1274305.200	1274305.200	35.200	5064749.000
477	529.247	1194097.545	1414949.364	1227412.136	1227412.136	40.091	5539811.045
478	530.302	1433310.267	1129542.667	1772514.600	1772514.600	38.200	5589199.267
479	531.319	1262601.385	1626477.615	1242317.769	1242317.769	45.000	5502212.923
480	532.333	1385785.474	1446104.053	1258641.263	1258641.263	43.421	5526735.895
481	533.344	1449594.667	1265392.381	1378061.000	1378061.000	50.952	5086553.286
482	534.407	1257805.133	1466946.733	940714.733	940714.733	51.400	4699709.067
483	535.714	1405271.476	976793.905	976987.857	976987.857	39.667	4744515.667
484	536.853	974857.667	958947.444	1401756.333	1401756.333	486.222	4861900.333
485	537.872	945271.250	1170851.950	1324595.050	1324595.050	38.400	5119837.900
486	538.895	1013027.250	1264248.333	1877583.083	1877583.083	47.333	5661740.917
487	539.944	1312552.000	1677830.190	1382682.381	1382682.381	29.143	5777142.905
488	541.200	1632977.000	1252692.667	1521023.083	1521023.083	32.500	5412528.583
489	542.384	1625796.333	1625066.167	1033048.000	1033048.000	44.833	6050476.917
490	543.396	1296971.364	1322128.545	1074318.909	1074318.909	523.636	6120012.364
491	544.676	1586008.067	940839.067	1969435.333	1969435.333	47.733	6463243.800
492	545.807	989527.500	1883617.227	1942450.364	1942450.364	36.818	6218841.773
493	546.819	1742877.857	1993013.643	1450403.857	1450403.857	58.643	6261270.000
494	548.122	2165891.526	1494213.105	1027332.789	1027332.789	7.895	6353702.105
495	549.263	1581639.750	1091372.500	1560286.375	1560286.375	7.750	5827053.375
496	550.307	1449274.636	977757.727	1658418.909	1658418.909	40.182	6339067.000
497	551.360	1053811.143	1576901.952	1855612.810	1855612.810	38.238	5992774.000
498	552.444	1578280.667	1606115.667	1719976.000	1719976.000	199.333	6317179.833
499	553.464	1495341.500	2198900.714	1018027.429	1018027.429	28.571	6440018.857
500	554.507	1978765.300	1193586.400	1601953.800	1601953.800	38.200	6420619.700
501	555.520	2052638.231	1153762.923	1605743.000	1605743.000	44.231	6700079.231
502	556.706	1258916.964	1611126.536	1671956.071	1671956.071	42.321	5655505.750
503	557.731	1580293.389	1753964.556	911941.667	911941.667	39.333	5428156.944
504	558.764	1783942.235	982494.706	1066393.588	1066393.588	33.824	5107599.765
505	559.792	1081281.526	1003305.737	1209518.579	1209518.579	46.789	4362300.526
506	560.803	854844.417	1178935.333	1119690.333	1119690.333	45.667	4346652.083
507	561.835	1188957.250	1202649.500	973914.938	973914.938	49.688	5063987.000
508	562.842	1182892.222	978293.000	1543847.389	1543847.389	46.889	5002416.722
509	563.973	953575.875	1254849.125	1447856.750	1447856.750	48.875	4955963.875
510	565.125	944710.750	1659635.250	1114442.125	1114442.125	51.250	5578903.500
511	566.192	1264476.857	1450994.929	1274288.143	1274288.143	43.714	6485147.786
512	567.336	1625021.000	1172577.200	1961991.900	1961991.900	39.000	6921504.000
513	568.440	1296541.000	1393670.643	2385763.357	2385763.357	50.286	6991489.000
514	570.055	1341148.050	2306972.050	1862624.050	1862624.050	46.850	7161172.500
515	571.092	2307170.684	1864525.368	1592418.316	1592418.316	30.158	7505693.053
516	572.187	1940605.438	1645070.000	1674781.250	1674781.250	43.312	6293932.375
517	573.238	1622751.818	1627942.000	1127143.636	1127143.636	45.500	5625997.364
518	574.284	1618550.786	1060821.429	1254662.071	1254662.071	44.429	5310061.500
519	575.291	1453335.769	1188564.462	1178033.154	1178033.154	35.538	5043235.615
520	576.329	1012619.312	1165686.250	1254800.438	1254800.438	32.125	5040812.062
521	577.456	1198353.727	1228540.364	1471086.864	1471086.864	45.273	5199315.000
522	578.489	1299058.833	1340347.833	1428298.833	1428298.833	50.333	5366935.167
523	579.532	1213312.789	1557930.842	1096495.632	1096495.632	49.053	5620226.316
524	580.661	1586200.333	1128363.933	1708725.400	1708725.400	54.067	5586940.467
525	581.849	1201435.050	1542770.950	1221729.750	1221729.750	45.300	5359791.650
526	582.960	1496469.056	1234580.500	1328784.944	1328784.944	40.722	5326291.444
527	584.122	1294442.538	1284666.192	1217326.154	1217326.154	38.346	4834293.538
528	585.256	1285579.273	1197659.455	1035083.636	1035083.636	46.182	4757288.182
529	586.376	1227603.000	1118836.700	987273.800	987273.800	73.550	5018347.050
530	587.545	1172600.214	880604.071	1676324.429	1676324.429	32.929	5132754.214
531	588.565	875198.200	1524309.400	1338424.600	1338424.600	208.867	5270754.333
532	589.602	1305594.688	1420344.688	1472045.375	1472045.375	43.188	5725094.375
533	590.709	1653848.143	1404870.000	1445069.000	1445069.000	45.143	6211801.714
534	591.744	1458632.500	1465681.400	1481047.300	1481047.300	35.900	6320247.500
535	592.767	1333299.545	1432452.182	1564579.909	1564579.909	201.000	6655353.727
536	594.232	1453700.765	1482965.588	2011238.529	2011238.529	51.294	6804329.176
537	595.363	1557285.500	2007918.679	1753457.893	1753457.893	46.607	6596857.214
538	596.372	2095893.375	1636524.500	1205467.062	1205467.062	49.500	5949774.250
539	597.422	1681645.640	1160102.600	973024.680	973024.680	36.880	4863988.880
540	598.429	1024572.654	1030158.808	939772.808	939772.808	49.731	3951615.423
541	599.448	1058512.269	907110.731	892880.000	892880.000	101.115	3644984.423
542	600.458	851190.947	900018.579	742708.842	742708.842	34.579	3471061.421
543	601.793	957643.214	700963.429	903123.714	903123.714	41.929	3642776.000
544	602.860	746677.429	815268.714	1017934.571	1017934.571	35.714	4622071.714
545	603.928	737403.579	938682.579	1263512.895	1263512.895	54.053	5142339.158
546	605.019	868848.077	963021.000	2427647.385	2427647.385	47.769	5531317.692
547	606.035	1001949.267	2088866.267	1378408.600	1378408.600	48.200	6117181.733
548	607.109	1114119.000	2309387.875	1318973.750	1318973.750	54.250	6593798.625
549	608.344	2283844.500	1236719.857	1603649.929	1603649.929	37.571	7213106.000
550	609.727	1852189.909	1461075.909	1866739.636	1866739.636	36.000	7213180.182
551	610.889	1298447.895	1725598.789	1973127.895	1973127.895	48.474	6883894.368
552	611.976	1702721.105	1993810.263	1835327.000	1835327.000	38.053	6660917.632
553	613.129	2020439.167	2015974.417	1131008.833	1131008.833	39.417	6767685.417
554	614.156	1985165.250	1288631.650	1328298.550	1328298.550	37.050	6180327.500
555	615.183	1250175.273	1377458.591	1481449.818	1481449.818	42.091	5161478.545
556	616.257	1255521.571	1585566.143	1039972.714	1039972.714	43.643	4941903.357
557	617.282	1529131.840	1035253.120	1048355.160	1048355.160	31.800	4713462.160
558	618.410	1028116.643	957412.571	1086103.214	1086103.214	41.214	4170284.929
559	619.420	929275.667	1215083.867	874845.200	874845.200	84.667	4595186.200
560	620.497	1094846.000	918055.143	1252599.571	1252599.571	32.286	5458007.857
561	621.519	1048792.292	1088785.583	1733316.042	1733316.042	31.458	5253112.542
562	622.552	1090064.941	1763308.647	1315646.118	1315646.118	34.529	5254761.235
563	623.563	1652783.375	1567820.812	946652.438	946652.438	47.625	5526805.375
564	624.659	1860808.571	836322.643	1230272.000	1230272.000	45.286	5378448.571
565	625.841	920513.643	1158322.357	1338597.286	1338597.286	38.429	4923587.429
566	627.001	1027405.875	1307767.312	1453461.312	1453461.312	120.500	5507823.750
567	628.095	1294612.933	1394193.400	1573016.133	1573016.133	50.067	5892654.600
568	629.197	1394061.792	1562973.750	1553587.792	1553587.792	33.125	5595824.417
569	630.379	1574016.100	1529730.100	975408.550	975408.550	49.000	5262715.850
570	631.430	1537102.278	979439.611	1130026.722	1130026.722	51.556	4836992.444
571	632.658	1096378.182	1044964.545	1158077.727	1158077.727	48.364	4720294.182
572	633.677	931786.357	1175327.429	1117544.857	1117544.857	43.714	5265641.214
573	634.703	1152274.571	1094821.214	1761560.000	1761560.000	44.000	5640447.071
574	635.857	1102165.389	1553429.222	1676001.833	1676001.833	37.000	5712966.833
575	637.111	1319422.333	1777425.667	1472534.333	1472534.333	45.067	5843560.267
576	638.303	1963509.571	1482056.500	1083057.714	1083057.714	36.286	6344654.571
577	639.391	1515428.947	1187033.474	1585893.316	1585893.316	49.526	5986159.684
578	640.478	1185451.000	1600270.955	1614594.955	1614594.955	48.909	5485254.909
579	641.519	1549776.538	1680873.846	1037977.923	1037977.923	41.154	5351783.308
580	642.534	1844253.500	1292875.000	995336.200	995336.200	52.700	5829257.400
581	643.622	1432641.619	1001534.286	1321018.143	1321018.143	24.619	5329962.619
582	644.638	987184.200	1193836.267	1673571.133	1673571.133	48.333	5165589.000
583	645.725	1094914.111	1731843.667	1173964.944	1173964.944	48.611	5147970.167
584	646.773	1600084.750	1217886.208	1127166.208	1127166.208	40.042	5192713.750
585	648.331	1198274.500	1086865.091	1176334.545	1176334.545	35.818	4303775.364
586	649.386	908476.364	1143769.773	829806.091	829806.091	27.409	4420351.818
587	650.408	1049623.471	742992.353	1557685.294	1557685.294	51.059	4606683.529
588	651.425	735470.583	1516916.667	1106282.333	1106282.333	40.083	4694882.583
589	652.464	1052098.067	1281210.000	1313007.867	1313007.867	42.533	5278163.600
590	653.594	1561687.125	1250438.625	1273412.125	1273412.125	54.875	5910758.500
591	654.736	1215543.609	1321626.870	1678162.000	1678162.000	49.913	5820993.217
592	655.871	1249846.000	1660479.727	1752229.455	1752229.455	28.273	6040604.182
593	656.883	1407758.700	1746045.100	1182725.200	1182725.200	30.400	6024793.200
594	657.942	1669998.440	1445398.920	1483692.720	1483692.720	37.680	5924704.080
595	658.976	1395900.929	1439411.643	1385311.714	1385311.714	50.571	5701238.571
596	660.018	1411552.273	1410848.045	1237165.545	1237165.545	46.818	5159701.955
597	661.238	1363018.579	1275324.421	1036748.895	1036748.895	45.211	4603719.789
598	662.277	1097734.769	1124196.231	889052.538	889052.538	32.000	4630711.308
599	663.405	1469927.571	912907.714	861097.714	861097.714	36.857	5388473.000
600	664.520	1057881.235	867061.706	1559381.353	1559381.353	50.588	5667657.412
601	665.693	882675.667	1246589.333	2232206.333	2232206.333	21.417	5861961.167
602	666.827	716222.300	1843313.200	1880147.700	1880147.700	36.700	6354016.300
603	667.873	1512211.421	2088094.421	1547819.474	1547819.474	9.632	6978490.579
604	669.199	2101835.588	1500056.176	1843897.765	1843897.765	23.706	6760042.294
605	670.208	1450327.917	1984417.667	1301934.083	1301934.083	29.833	6457116.833
606	671.234	1824457.381	1423590.857	1487196.667	1487196.667	20.095	6214420.286
607	672.807	1562227.143	1237155.143	1811678.571	1811678.571	39.286	5990974.286
608	673.975	1249175.316	1690766.053	1182136.579	1182136.579	22.421	6229711.526
609	675.036	1578434.571	1248550.429	2043353.714	2043353.714	26.714	6288983.786
610	676.242	1432160.056	1724368.056	1541190.833	1541190.833	185.722	6125299.667
611	678.043	1342161.150	1595164.250	1375247.250	1375247.250	33.950	5974000.400
612	679.059	1381909.778	1372858.167	1597968.889	1597968.889	32.722	6061226.722
613	680.071	1263880.938	1580885.500	1599696.000	1599696.000	19.688	5586399.812
614	681.093	1474497.118	1568304.235	1234934.706	1234934.706	33.412	5867941.118
615	682.124	1542382.688	1403566.312	1424031.312	1424031.312	27.938	5538319.125
616	683.238	1308252.704	1368203.296	1216963.407	1216963.407	29.926	4994075.556
617	684.255	1296291.750	1051738.750	1197137.417	1197137.417	35.083	4498284.250
618	685.263	1207340.286	1258152.143	734755.000	734755.000	41.643	4832277.143
619	686.283	1185683.550	821610.500	1412109.100	1412109.100	42.050	4741852.350
620	687.349	844674.267	1319992.933	1348325.533	1348325.533	38.800	4638545.800
621	688.481	761045.176	1470006.882	1034061.059	1034061.059	26.706	4477932.118
622	689.527	1149177.500	1096747.100	1200281.300	1200281.300	32.800	4963553.200
623	690.594	1278444.538	1045046.692	1170746.462	1170746.462	47.692	5651543.692
624	691.604	877496.929	1166812.857	1755370.214	1755370.214	27.286	5462654.429
625	692.642	1115014.625	1456612.625	1842795.312	1842795.312	39.125	5974523.812
626	693.776	1184883.750	2033395.938	1433623.062	1433623.062	31.688	6038567.625
627	695.007	1954538.333	1429357.095	1377620.810	1377620.810	54.571	6033222.524
628	696.027	1256472.529	1384034.588	1231792.824	1231792.824	50.412	5272523.235
629	697.389	1401249.000	1266405.800	1325779.600	1325779.600	47.333	5139447.733
630	698.525	1281328.850	1271949.450	1134441.650	1134441.650	50.750	5298774.150
631	699.536	1146777.824	1130247.000	1594886.882	1594886.882	50.412	5305692.059
632	700.598	1171244.000	1521351.944	1355814.611	1355814.611	40.500	5185829.444
633	701.610	1293306.091	1316874.545	1226005.273	1226005.273	39.182	5172264.727
634	702.795	1209564.000	1406385.267	1057543.933	1057543.933	44.533	5146668.000
635	703.862	1348846.526	1049331.842	1392635.579	1392635.579	47.684	5510719.632
636	704.918	763250.714	1431799.857	1634619.429	1634619.429	287.643	5005558.000
637	706.040	1204056.588	1493425.000	1284556.529	1284556.529	38.412	5541929.824
638	707.052	1312017.556	1692221.000	1333527.556	1333527.556	51.667	5813498.333
639	708.076	1575967.550	1177651.800	1478952.250	1478952.250	47.950	6060549.300
640	709.139	1053096.923	1533410.000	1839567.769	1839567.769	50.462	5662898.077
641	710.207	1317020.091	1547045.818	1538967.000	1538967.000	44.091	5900658.182
642	711.217	1388737.214	1804183.571	1178096.286	1178096.286	38.071	6181611.500
643	712.307	1749392.769	1237760.923	1601265.000	1601265.000	34.000	6352989.462
644	713.328	1543421.786	1370653.143	1761044.714	1761044.714	54.000	6144186.500
645	714.350	1062608.000	1738287.000	1564159.455	1564159.455	36.273	5767151.000
646	715.417	1446107.000	1723653.909	1358182.909	1358182.909	46.364	6647210.909
647	716.466	1706701.250	1433983.100	1699153.450	1699153.450	34.250	6302225.100
648	717.485	1418799.895	1683497.895	1435333.211	1435333.211	39.895	5767787.632
649	718.722	1501054.933	1650442.133	1152671.400	1152671.400	40.933	5554957.933
650	719.975	1550591.478	1100700.609	1219632.304	1219632.304	33.522	5170818.174
651	721.213	868548.000	1198853.000	1415223.000	1415223.000	22.333	5430514.167
652	722.271	1135923.167	1276749.389	1257834.500	1257834.500	371.500	5850781.833
653	723.305	1237273.704	1487267.296	1845474.000	1845474.000	88.926	5455926.074
654	724.447	1536168.750	1739791.350	749385.200	749385.200	42.000	5059069.950
655	725.602	1609393.826	767327.522	990506.826	990506.826	28.913	4429938.783
656	726.688	727784.714	947394.143	1017152.714	1017152.714	37.429	4137777.429
657	727.741	666623.300	1015947.100	1051961.700	1051961.700	51.400	4839109.800
658	728.777	902050.400	1029478.900	1174778.200	1174778.200	39.700	5791882.000
659	729.810	951699.619	1144412.571	2276663.333	2276663.333	46.381	6020910.190
660	730.854	978451.588	2296949.235	1664330.882	1664330.882	50.588	6013095.941
661	731.898	1906842.933	1974678.933	1018624.067	1018624.067	85.733	5988572.467
662	733.250	2272608.071	1054762.286	1009412.286	1009412.286	40.214	6011047.857
663	734.305	954326.737	1009341.211	1414190.789	1414190.789	52.105	5006886.316
664	735.493	956461.531	1516117.188	1393418.656	1393418.656	49.469	4792561.125
665	736.583	1726750.769	1274017.923	858396.000	858396.000	54.308	5025256.692
666	737.876	1401778.231	1003518.462	803158.615	803158.615	58.692	4836663.231
667	739.227	1096547.294	730424.765	1426798.294	1426798.294	28.882	4951029.529
668	740.248	790433.750	1159024.000	1580605.000	1580605.000	55.125	5420599.000
669	741.834	647737.545	1494190.364	1643820.000	1643820.000	28.000	6114631.455
670	742.962	1107661.091	1600106.273	1815643.909	1815643.909	10.182	7395214.545
671	744.278	1497398.385	1683467.769	2352845.154	2352845.154	28.000	7736057.538
672	745.387	1602440.500	2119115.389	2428416.611	2428416.611	59.667	7990532.889
673	746.471	1684255.167	2822475.667	1807111.667	1807111.667	31.333	8229079.500
674	747.553	2108756.200	2465228.400	1786171.200	1786171.200	52.800	8830591.400
675	748.586	2641500.000	1829008.923	1819055.692	1819055.692	57.923	8722433.769
676	749.620	2006786.188	1753247.562	2519331.750	2519331.750	29.062	7778618.438
677	750.766	1314996.062	2427849.312	1633926.938	1633926.938	28.938	6661527.438
678	751.897	1544602.857	2149159.571	1187427.571	1187427.571	38.571	6451900.000
679	753.006	2403817.643	1524597.143	1218497.643	1218497.643	32.143	7320177.857
680	754.144	1498644.722	1191068.389	1870143.500	1870143.500	40.222	6235025.333
681	755.269	230998.474	1795786.842	1684427.526	1684427.526	44.632	5102701.211
682	756.300	856244.600	1706679.500	1331910.000	1331910.000	265.400	5084234.000
683	757.497	1490552.231	1281062.808	1109398.962	1109398.962	49.885	4754683.000
684	758.609	1269088.571	1137538.643	793142.857	793142.857	37.286	4452749.143
685	759.926	1069955.739	845841.957	1123230.348	1123230.348	45.087	4348137.826
686	761.086	917801.500	829468.500	1615856.750	1615856.750	53.000	5291469.500
687	762.133	746377.333	1077133.556	1323177.222	1323177.222	37.000	5471839.222
688	763.423	836867.000	1504015.400	1399386.667	1399386.667	38.000	6403719.933
689	764.656	1283090.600	1141752.200	2705601.867	2705601.867	43.867	6909129.667
690	765.672	1052591.533	2451966.400	1883534.333	1883534.333	28.867	7246167.000
691	766.689	1711318.353	2201726.471	1723143.529	1723143.529	39.235	6940094.235
692	767.777	2540896.417	1610561.083	1434478.833	1434478.833	123.583	6866140.917
693	768.959	1832597.364	1735595.273	1101846.455	1101846.455	25.182	6573605.818
694	769.992	1564519.500	1432865.625	1222569.625	1222569.625	64.375	6761678.625
695	771.007	1552869.045	1171271.864	2051183.091	2051183.091	45.045	6400279.682
696	772.249	1056250.364	1864460.727	1863350.636	1863350.636	46.364	5977324.091
697	773.679	1467815.444	2153348.167	1049903.500	1049903.500	68.889	6458782.722
698	774.687	2009013.125	1168326.083	1674551.583	1674551.583	41.583	6252104.458
699	775.699	1078370.850	1722029.850	1294101.800	1294101.800	42.400	4960744.250
700	776.764	1686283.333	1336448.000	819657.278	819657.278	75.333	5054944.222
701	777.770	1384473.444	834495.278	1112175.333	1112175.333	159.111	4388248.611
702	779.665	817870.038	1106312.038	1039611.192	1039611.192	47.538	4036228.885
703	780.940	1141212.133	959465.400	1021600.667	1021600.667	43.200	5062723.933
704	781.973	972280.474	1036748.474	1602174.579	1602174.579	44.158	5382792.474
705	783.000	1035101.286	1014804.429	2236066.000	2236066.000	34.286	5949993.000
706	784.007	997711.154	1855310.462	1454944.385	1454944.385	11.692	5964315.000
707	785.036	1396268.533	1865550.533	1570097.467	1570097.467	41.400	6462784.067
708	786.127	2084542.500	1431528.417	1582416.250	1582416.250	31.000	6777177.667
709	787.213	1409984.875	1632979.500	1623847.875	1623847.875	321.312	6328548.938
710	788.243	1585410.529	1615910.118	1539878.588	1539878.588	172.059	6084381.000
711	789.261	1486014.176	1493385.118	1366752.529	1366752.529	36.294	5807196.353
712	790.325	1506045.000	1439517.400	1361979.067	1361979.067	44.267	5677757.133
713	791.363	1481266.471	1305531.294	1336700.294	1336700.294	125.294	5500000.647
714	792.411	1151215.800	1363703.467	1328590.933	1328590.933	43.533	4980865.467
715	793.491	1179784.154	1304780.000	1216132.615	1216132.615	35.692	5300689.846
716	795.100	1025157.533	1321071.600	1178507.600	1178507.600	39.333	5268418.000
717	796.156	1223782.182	1035373.182	1822089.909	1822089.909	37.273	6346390.273
718	797.252	1184445.333	1330672.222	1532093.222	1532093.222	50.000	6640119.778
719	798.271	996289.429	1813469.214	2187552.143	2187552.143	40.929	7087963.143
720	799.296	1639009.222	1904280.111	2242513.500	2242513.500	131.611	7136881.111
721	800.632	1498903.900	2486568.400	1557839.100	1557839.100	39.900	7177983.600
722	801.679	2271617.933	1899791.467	1251603.267	1251603.267	48.600	7276541.000
723	802.903	2122569.625	1224543.812	1754980.625	1754980.625	83.688	6477938.250
724	803.959	1180362.588	1674533.294	1339865.529	1339865.529	46.529	5889915.647
725	805.103	1454213.800	1432440.450	1599964.350	1599964.350	42.400	5706128.750
726	806.115	1641444.417	1501537.000	1236525.083	1236525.083	52.167	5809367.167
727	807.211	1130910.500	1668693.500	1067130.100	1067130.100	54.400	5867747.400
728	808.298	1530034.174	1136799.696	1680008.174	1680008.174	26.348	5729142.043
729	809.387	1165392.926	1701148.000	1187640.741	1187640.741	40.519	4979293.741
730	810.480	1884813.308	1090085.769	872573.077	872573.077	45.077	4960925.769
731	811.496	1513957.444	956097.333	843781.778	843781.778	47.222	5144728.778
732	812.558	931735.636	864340.000	1419516.545	1419516.545	43.591	4715594.227
733	813.966	827450.842	1439530.316	1422220.895	1422220.895	48.632	4950431.632
734	814.988	1357121.158	1479281.632	1196564.211	1196564.211	45.211	5415506.842
735	816.586	1520983.812	1189179.375	1276700.938	1276700.938	50.312	5211497.938
736	817.616	1142417.474	1236112.368	1217399.947	1217399.947	37.211	5414470.579
737	818.679	1171499.167	1260764.444	1715758.278	1715758.278	76.333	5334478.944
738	819.692	1417589.333	1449595.333	1315435.111	1315435.111	57.444	5860425.111
739	820.744	1081015.214	1793240.643	1139353.429	1139353.429	155.643	5901121.500
740	821.801	1734689.444	1092905.444	1799055.833	1799055.833	49.944	6028235.778
741	822.808	1139155.286	1738817.476	1376256.429	1376256.429	39.762	5418131.190
742	823.836	1612864.833	1490579.000	1176158.167	1176158.167	49.167	5675316.833
743	825.052	1714075.056	1266278.500	1081269.778	1081269.778	54.667	5931408.000
744	826.178	1270287.944	1103629.778	1775470.222	1775470.222	48.056	5289946.222
745	827.292	1100926.706	1677895.353	1173582.118	1173582.118	345.706	5463439.882
746	828.298	1576518.000	1257125.048	1388340.952	1388340.952	53.238	5528314.857
747	829.424	1307526.286	1347182.500	1302898.429	1302898.429	50.429	5013750.429
748	830.532	1058179.818	1474478.000	1028597.818	1028597.818	50.364	5190769.909
749	831.721	1321522.733	1185276.067	1128766.533	1128766.533	51.600	5578113.667
750	832.816	1310893.222	956448.111	1860127.111	1860127.111	50.333	6076474.889
751	833.880	986085.857	1511678.857	1828513.333	1828513.333	37.714	5980147.857
752	835.113	1499445.650	1815579.950	1591200.550	1591200.550	32.250	6002888.100
753	836.140	1774009.214	1756948.786	1090065.857	1090065.857	43.571	6008423.786
754	837.208	1717072.773	1099691.273	1237993.636	1237993.636	32.909	5349561.545
755	838.222	1083063.375	1223134.688	1270187.062	1270187.062	121.438	4864369.000
756	839.254	1103908.533	1360112.333	1130795.533	1130795.533	46.333	4871133.800
757	840.358	1337947.444	1102237.222	1243621.222	1243621.222	26.556	5141370.667
758	841.389	1079183.700	1327146.200	1415628.500	1415628.500	34.800	5100963.500
759	842.429	1096996.222	1262245.389	1281417.167	1281417.167	40.167	5100735.556
760	843.596	1231250.900	1313306.850	1384251.000	1384251.000	38.050	5268668.800
761	844.849	1296756.500	1381727.800	1280031.050	1280031.050	42.700	5207654.350
762	845.949	1366575.421	1288157.895	1195506.579	1195506.579	43.368	5067968.368
763	847.363	1250917.067	1194690.867	1140125.267	1140125.267	56.133	5036269.600
764	848.716	1154583.214	1172264.929	1284632.643	1284632.643	43.929	5452044.214
765	849.728	1169704.308	1178522.846	1625362.077	1625362.077	41.077	5973415.231
766	850.914	1093059.545	1371166.727	1848131.818	1848131.818	35.909	6492606.000
767	851.967	1217212.105	1754050.895	1978278.895	1978278.895	8.158	6486888.316
768	853.039	1677258.389	2000962.000	1532959.111	1532959.111	9.111	6467769.389
769	854.067	1896743.125	1896320.000	1182364.750	1182364.750	8.250	6683644.750
770	855.082	1989879.600	1270401.800	1369603.500	1369603.500	39.850	6121833.400
771	856.093	1253922.600	1246809.333	1599490.733	1599490.733	11.600	5477676.600
772	857.130	1198535.450	1629623.050	1229690.500	1229690.500	9.050	5246352.100
773	858.299	1584736.368	1218237.105	1171909.895	1171909.895	7.895	4984211.947
774	859.340	1252253.720	1118818.520	995608.400	995608.400	8.520	4522837.800
775	860.354	991760.958	1051195.750	1045131.625	1045131.625	8.875	4095048.333
776	861.419	925481.818	1131396.182	1041597.727	1041597.727	8.818	4160329.909
777	862.436	1186831.188	914898.000	926217.938	926217.938	10.000	4331815.000
778	863.447	865589.211	974339.789	1214380.526	1214380.526	8.842	4387949.526
779	864.462	980541.562	1176819.938	1286892.250	1286892.250	9.938	4716914.500
780	865.530	1041798.500	1222790.562	1230236.625	1230236.625	8.188	4810514.250
781	866.547	1139205.111	1275710.389	1226089.500	1226089.500	10.389	4933925.333
782	867.746	1247006.200	1188202.400	1282929.133	1282929.133	8.867	5143645.133
783	868.929	1200277.643	1296308.429	1265917.571	1265917.571	312.857	5260560.643
784	869.995	1233492.938	1215879.312	1413746.125	1413746.125	11.188	5681241.562
785	871.026	1011349.667	1446299.333	1580992.417	1580992.417	8.167	5627487.333
786	872.047	1330260.083	1574679.083	1569512.500	1569512.500	11.625	5727282.375
787	873.369	1482074.211	1521428.053	1217377.263	1217377.263	9.421	5122673.105
788	874.600	1456704.269	1148909.923	957779.385	957779.385	9.500	4747648.000
789	875.665	1187367.923	786252.154	1214702.077	1214702.077	24.923	4468697.077
790	876.851	772057.500	1314137.000	946122.917	946122.917	38.167	4771328.667
791	877.876	1112833.944	1005474.056	1489599.444	1489599.444	43.389	5257866.889
792	878.950	897644.389	1434944.444	1609473.056	1609473.056	45.278	5252723.667
793	880.052	1168635.200	1712348.700	1308552.200	1308552.200	50.000	5464280.800
794	881.086	1565444.069	1349422.414	1309156.828	1309156.828	76.931	5470381.862
795	882.096	1242167.682	1349489.545	1038728.000	1038728.000	48.455	4530173.273
796	883.103	1333534.722	1025345.722	862026.111	862026.111	55.667	4446801.333
797	884.118	1031001.105	842122.579	1148462.684	1148462.684	46.632	3959626.579
798	885.170	738368.444	1045043.889	1034340.556	1034340.556	60.778	4334424.778
799	886.231	884415.200	1192479.000	875998.000	875998.000	44.000	4939305.133
800	887.317	1160160.789	880806.105	1852718.053	1852718.053	38.105	5125983.000
801	888.409	743841.077	1716537.038	1198583.038	1198583.038	32.615	4684774.538
802	889.432	1816167.077	1131448.769	1035249.846	1035249.846	51.923	5001143.231
803	890.497	1216130.950	1072276.250	869876.700	869876.700	32.750	4533065.150
804	891.511	1062844.842	842707.263	1336100.842	1336100.842	43.053	4423733.053
805	892.531	779992.217	1294897.130	1117371.478	1117371.478	254.609	4091390.652
806	893.700	1182152.852	1058872.889	861313.148	861313.148	35.296	3974963.333
807	894.831	910442.548	860075.323	844954.806	844954.806	45.806	3484659.290
808	895.919	867176.619	829796.143	783761.476	783761.476	37.619	3415955.571
809	897.036	778309.333	815143.867	855781.333	855781.333	49.733	3706344.867
810	898.043	684379.529	768361.529	1123385.588	1123385.588	35.941	3974539.824
811	899.107	679649.500	1094284.444	1328244.333	1328244.333	43.500	4382650.167
812	900.113	964590.375	1318904.938	1226459.875	1226459.875	35.000	4857337.375
813	901.497	1236229.231	1232771.846	1290902.692	1290902.692	37.769	5151698.846
814	902.568	1229359.444	1235686.000	1268937.667	1268937.667	31.778	5770919.111
815	903.660	1192994.286	1297406.500	1420437.929	1420437.929	31.500	6086789.929
816	904.832	1209152.000	1252435.182	2114758.909	2114758.909	36.909	6539417.455
817	905.850	1262935.800	1695351.467	1973734.933	1973734.933	44.200	6902131.933
818	906.877	1386335.929	2093910.429	1960633.500	1960633.500	34.000	6959621.357
819	908.356	2064093.944	1945452.611	1521584.778	1521584.778	149.333	6818368.500
820	909.393	1864727.667	1644087.133	1234637.667	1234637.667	35.800	6611896.667
821	910.547	1758188.412	1286368.353	1584859.882	1584859.882	93.235	6211844.647
822	911.709	1357194.909	1287613.818	1746620.455	1746620.455	40.000	5758765.818
823	912.773	1241812.955	1727934.091	1358098.227	1358098.227	42.682	5887612.364
824	913.886	1682797.857	1308889.857	1652360.500	1652360.500	44.929	5890600.286
825	914.894	1321738.667	1589588.524	1176011.524	1176011.524	37.905	5410488.714
826	916.098	1617998.867	1074237.200	1364766.467	1364766.467	38.533	4956988.400
827	917.264	1112256.357	1452212.571	878093.286	878093.286	37.429	5154048.786
828	918.399	1348622.200	964152.450	1394673.550	1394673.550	32.050	5248310.950
829	919.479	895735.167	1348256.556	1505689.833	1505689.833	246.222	5108443.889
830	920.549	789701.625	1934714.750	1194701.625	1194701.625	13.625	5632203.000
831	921.574	1583333.000	1260738.250	1374773.333	1374773.333	27.167	6024171.500
832	922.625	1571231.500	1263006.929	1644214.071	1644214.071	33.143	6249179.929
833	923.657	1210762.000	1349733.600	1865009.600	1865009.600	40.300	6383056.300
834	924.683	1280835.200	1820523.500	1712629.700	1712629.700	45.150	6240819.000
835	925.758	1650134.231	1641964.923	1614047.308	1614047.308	52.923	6184857.462
836	926.862	1582474.857	1834342.071	1027616.214	1027616.214	45.071	6134918.929
837	927.967	1700206.300	1203735.800	1446933.400	1446933.400	45.900	6281521.200
838	929.264	1656168.308	1076577.923	1667280.308	1667280.308	47.385	6460759.000
839	929.281	967227.750	1053347.500	1335237.250	1335237.250	41.000	4870975.000
#Command Line: /home/carlos/svn/BenSP_suite/apps/ferret/bin/ferret-pthreads /home/carlos/svn/BenSP_suite/apps/ferret/inputs/heavy_duty/h1/dataset lsh /home/carlos/svn/BenSP_suite/apps/ferret/inputs/heavy_duty/h1/images(input) 50(images to rank) 1(threads) 20(L->S) 20(S->E) 20(E->V) 20(V->R) 20(R->O)
